149,3578
172,3577
200,3577
226,3576
235,3577
277,3577
277,3577
277,3577
329,3577
378,3576
400,3576
426,3576
446,3577
468,3577
494,3577
517,3576
558,3576
576,3576
609,3577
634,3577
654,3577
678,3576
695,3576
736,3576
755,3577
763,3577
774,3577
826,3575
860,3575
892,3576
898,3576
921,3576
959,3575
979,3576
1015,3576
1043,3576
1055,3576
1083,3576
1121,3575
1142,3576
1168,3576
1198,3575
1216,3574
1247,3574
1275,3574
1300,3574
1326,3573
1348,3573
1374,3574
1398,3573
1428,3573
1454,2117
1473,2117
1509,2117
1529,2125
1557,2125
1580,2124
1605,2124
1631,2124
1657,2132
1687,2144
1710,2144
1735,2144
1759,2169
1792,2169
1806,2169
1845,2170
1865,2170
1887,2170
1913,2172
1937,2592
1967,2592
1997,2593
2014,2593
2041,2595
2067,2600
2089,2601
2121,2617
2147,2664
2168,2664
2193,2664
2227,2667
2252,2670
2272,2670
2291,2672
2315,2687
2343,2687
2385,2688
2398,2688
2428,2688
2459,2690
2475,2690
2506,2691
2532,2695
2547,2696
2580,2697
2613,2702
2634,2704
2668,2704
2685,2705
2711,2730
2722,2964
2760,2964
2776,2965
2803,2966
2836,2981
2870,2982
2887,2983
2904,2985
2927,2982
2966,2993
2988,3001
3010,3040
3053,3066
3054,3063
