149,3578
172,3577
201,3577
224,3576
253,3577
261,3577
271,3577
277,3577
343,3577
374,1161
421,1161
437,1161
463,1172
480,1172
512,1172
537,1172
565,1172
594,1172
618,1173
653,1182
675,1182
690,1183
716,1183
746,1213
778,1208
805,1209
829,1209
850,1214
877,1223
901,1299
935,1299
953,1299
984,1321
1004,1325
1032,1570
1057,1570
1081,1618
1103,1851
1140,1892
1159,1892
1190,1892
1213,1892
1238,1892
1275,1892
1298,1892
1298,1892
1328,1892
1360,1892
1393,1892
1413,1892
1437,1918
1459,1917
1496,2031
1516,2035
1545,2038
1588,2039
1588,2039
1637,2039
1637,2039
1663,2039
1700,2039
1727,2042
1745,2043
1771,2043
1798,2055
1822,2055
1849,2056
1876,2077
1898,2081
1920,2084
1952,2090
1966,2095
2015,2109
2028,2110
2061,2153
2083,2194
2107,2218
2137,2220
2154,2221
2192,2221
2209,2228
