149,3578
172,3577
200,3577
220,3577
247,3577
263,3577
277,3577
325,3577
343,3577
352,3577
378,3576
426,3576
446,3577
478,3577
505,3577
528,3576
531,3576
579,3576
587,3576
629,3577
650,3577
678,3576
678,3576
678,3576
755,3577
782,3577
800,3576
833,3575
852,3575
872,3575
903,3576
915,3576
940,3575
984,3576
1010,3576
1022,3576
1061,3576
1081,3576
1111,3575
1121,3575
1147,3576
1176,3575
1209,3574
1229,3574
1258,3574
1289,3574
1314,3574
1343,2842
1370,2842
1391,2843
1415,2843
1438,2844
1467,2845
1490,2845
1516,2845
1544,2845
1566,2846
1596,2846
1618,2190
1643,2190
1668,2196
1694,2195
1720,2243
1742,2242
1772,2241
1799,2244
1823,2245
1852,2244
1869,2244
1895,2244
1918,2358
1947,2358
1970,2382
1998,2387
2021,2852
2048,2853
2072,2853
2097,3178
2122,3180
2147,3181
2175,3182
2202,3182
2224,3183
2255,3184
2269,3186
2300,3186
2329,3186
2354,3186
2380,3185
2394,3185
2428,3186
2453,3189
2479,3188
2514,3187
2543,3187
2561,3187
2593,3187
2610,3187
2641,3187
2663,3187
2688,3187
2717,3187
2745,3187
2764,3184
2792,3181
2822,3181
2849,3178
2874,3177
2898,3175
2918,3174
2951,3174
2985,3174
3004,3174
3022,3174
3064,3174
3079,3174
3098,3174
3123,3185
3123,3177
3187,3204
3226,3259
3256,3268
