150,1757
175,1759
201,1758
225,1757
251,1641
277,1641
303,1643
332,1642
335,1642
351,1642
406,1708
407,1708
456,1718
481,1721
497,1720
534,1720
557,1720
582,1720
609,1720
635,1720
635,1720
685,1914
710,1914
724,1926
737,1927
784,2099
807,2099
836,2101
864,2102
892,2102
912,2126
940,2331
964,2330
991,2330
1014,2332
1040,2332
1065,2525
1093,2529
1117,2529
1141,2523
1170,2523
1193,2524
1221,2492
1247,2492
1274,2509
1296,2509
1322,2509
1322,2509
1377,2509
1394,2509
1425,2509
1441,2552
1467,2553
1506,3491
1515,3491
1515,3491
1577,3491
1607,3491
1630,3491
1649,3491
1673,3491
1694,3491
1730,3491
1754,3491
1781,3491
1809,3490
1832,3490
1857,3490
1883,3490
1903,4175
1935,4175
1957,4175
1974,4176
2006,4176
2033,4176
2060,4179
2085,4180
2117,4180
2136,4183
2168,4183
2187,2753
2214,2783
2236,2783
2263,2787
2289,2788
2326,2791
2332,2792
2366,2794
2392,2803
2413,2805
2438,2805
2465,2818
2486,2818
2517,2820
2536,2819
2559,2821
2604,2823
2620,2824
2638,2874
2673,2881
2700,2877
2717,2879
2735,2883
2761,2886
2787,2893
2813,2894
2854,2894
2873,2898
2902,2914
2910,4196
2934,4196
2960,4196
2978,4195
3016,4195
3033,4195
3063,4195
3073,4195
3100,4195
3135,4195
3157,4201
3189,4201
3216,4201
3233,4190
3258,4190
3288,4190
3301,4190
3361,4190
3361,4190
3408,4190
3420,4190
3455,4190
3455,4190
3491,4190
3505,4190
3527,4190
3560,4190
3582,4190
3613,4190
3642,4190
3667,4190
3685,4194
3716,4194
3739,4194
3765,4194
3786,4194
3823,4194
3844,4194
3869,4196
3890,4287
3921,4289
3946,4289
3972,4296
4000,4295
4019,4313
4047,4314
4076,4319
4097,4295
4123,4298
4153,4301
4179,4316
4198,4318
4234,4320
4254,4327
4275,4339
4302,4344
4326,4347
4374,4460
4393,4487
4411,4487
4445,4493
4475,4502
4494,4519
4518,4532
