151,668
178,667
182,668
231,666
245,669
270,669
306,667
316,667
351,669
382,787
404,787
437,789
460,789
487,789
514,789
541,789
563,789
593,789
612,789
641,699
668,849
694,860
719,868
746,872
773,1008
797,1018
825,1018
850,1026
874,1032
901,1033
928,1207
952,1207
981,1201
1007,1203
1031,1205
1059,1213
1084,1203
1119,1203
1140,1213
1166,1223
1195,1301
1216,1306
1248,1320
1275,1345
1299,1397
1332,1435
1362,1451
1383,1452
1400,1454
1433,1776
1437,1458
1461,1777
1499,1778
1499,1778
1529,1775
1563,1758
1606,1761
1606,1761
1639,1769
1678,1799
1678,1799
1720,1799
1746,1799
1771,1806
1794,1843
1826,1843
1843,1856
1888,2139
1921,2146
1954,2146
1975,2150
1998,2162
2018,2164
2049,2163
2069,2170
2103,2177
2136,2177
2162,2171
