312,425
338,426
364,983
390,983
416,982
442,983
468,982
494,2190
520,2190
546,2189
567,2189
598,2189
625,2193
650,2193
676,2193
702,2193
727,2193
751,2217
771,2210
797,2209
830,2209
848,2221
848,2221
848,2209
857,2220
974,2220
974,2220
1008,2221
1008,2223
1008,2223
1008,2222
1008,2226
1008,2559
1038,2559
1078,2560
1086,2560
1103,2561
1163,2603
1197,2797
1300,2801
1352,2801
1376,2812
1405,2813
1427,2813
1453,2813
1479,2813
1503,2813
1532,2814
1552,2814
1581,2814
1587,2831
1626,2831
1654,2833
1683,2806
1708,2806
1733,2806
1761,2806
1780,2806
1812,2814
1835,2814
1855,2987
1890,2987
1903,2987
1934,2988
1961,2988
1983,2988
2011,2988
2025,2988
2055,2992
2084,2992
2113,2998
2138,2998
2159,2998
2192,2998
2214,2999
2245,2999
2258,2999
2292,3003
2312,3003
2343,3005
2365,3005
2385,3324
2420,3326
2441,3327
2471,3327
2485,3327
2515,3328
2543,3328
2564,3328
2595,3329
2618,3469
2639,3470
2664,3470
2679,3470
2718,3470
2755,3470
2755,3470
2786,3470
2816,3470
2848,3471
2868,3471
2898,3471
2920,3471
2951,3576
2975,3578
2991,3578
3023,3582
3039,3582
3072,3602
3099,3604
3127,3624
3142,3625
3166,3626
3196,3622
3230,3630
3249,3634
3274,3635
3309,3637
3327,3630
3342,3633
3366,3652
3398,3652
3428,3665
3450,3664
3474,3716
3506,3722
3532,3731
3556,3736
3571,3737
3600,3737
3625,3737
3641,3736
3686,3735
3711,3739
3730,3752
3753,3767
