251,2019
255,2019
291,2019
299,2021
299,2021
352,2021
404,2267
431,2267
454,2267
457,2267
489,2277
507,2286
552,2549
576,2549
606,2549
634,2549
634,2549
651,2550
651,2550
704,2550
760,2550
760,2550
765,2551
833,2551
837,2551
873,2551
873,2551
928,2566
945,2539
988,2539
988,2540
1023,2540
1023,2540
1092,2542
1124,2542
1152,2546
1174,2546
1174,2546
1226,2546
1251,2546
1273,2559
1296,2559
1329,2559
1357,2559
1382,2559
1407,2562
1432,2562
1456,2567
1485,2567
1506,2574
1507,2574
1559,2574
1585,2578
1608,2578
1636,2581
1660,2581
1685,2586
1703,2589
1738,2589
1764,2589
1787,2594
1819,2594
1842,2602
1855,2602
1892,2604
1918,2557
1940,2557
1970,2557
1989,2557
2020,2557
2046,2581
2065,2585
2094,2585
2128,2585
2149,2585
2180,2589
2180,2589
2222,2589
2247,2589
2270,2589
2302,2654
2326,2695
2355,2696
2377,2698
2400,2770
2432,2774
2447,2774
2479,2775
2505,2812
2529,2991
2549,2991
2574,2991
2602,2993
2638,2993
2652,2993
2679,3079
2710,3202
2724,3203
2746,3203
2779,3205
2816,3210
2840,3210
2857,3211
2884,3216
2904,3216
2936,3217
2959,3217
2987,3225
3002,3225
3028,3225
3060,3224
3087,3278
3111,3274
3131,3277
3156,3280
3180,3290
3216,3294
3232,3293
3257,3307
3286,3301
3292,3508
3309,3510
3330,3511
3365,3511
3397,3512
3419,3511
3439,3510
3468,3508
3505,3524
3525,3536
3567,3578
