250,488
276,3673
302,3675
327,3688
353,3693
379,3694
404,3697
430,3698
456,3698
480,3698
508,3699
534,3701
560,3701
581,3701
610,3703
630,3703
662,3710
688,3710
713,3710
739,3711
765,3711
788,3713
816,3713
841,3713
866,3714
891,3714
919,3721
945,3721
970,3722
993,3722
1021,3724
1048,3724
1074,3724
1100,3724
1121,3725
1147,3725
1176,3725
1200,3725
1226,3729
1254,3730
1278,3730
1304,3730
1330,3730
1355,3746
1382,3746
1408,3746
1433,3746
1459,3747
1485,3747
1512,2519
1538,2519
1563,2519
1584,2519
1620,2518
1636,2518
1668,2518
1691,2518
1711,2542
1738,2542
1770,2542
1786,2542
1817,2541
1842,2548
1876,2548
1889,2548
1927,2568
1944,2568
1973,2608
1994,2818
2035,2876
2053,2876
2073,2877
2096,2877
2139,2884
2139,2884
2165,2884
2191,2884
2227,2884
2256,2885
2273,2885
2298,2913
2325,2912
2347,2912
2369,2912
2401,2968
2433,2968
2468,3009
2488,3009
2498,3009
2539,3307
2560,3315
2592,3319
2621,3320
2621,3320
2666,3358
2697,3359
2697,3359
2737,3359
2760,3361
2779,3361
2803,3361
2829,3361
2848,3361
2873,3361
2902,3362
2939,3367
2959,3367
2974,3371
3006,3388
3032,3388
3053,3388
3083,3405
3107,3405
3126,3405
3154,3430
3192,3430
3229,3566
3229,3566
3262,3567
3289,3567
3311,3567
3347,3569
3373,3575
3386,3584
3421,3576
3438,3586
3475,3575
3493,3568
3515,3576
3539,3586
3565,3590
3601,3611
