154,2814
176,2813
202,2817
202,2817
252,2817
252,2817
297,2814
331,2820
353,2819
382,2813
408,2815
431,2819
460,2816
481,2812
510,2816
536,2819
562,2814
588,2813
612,2816
638,2818
661,2813
687,2813
710,2817
738,2815
765,2812
791,2816
815,2817
841,2812
867,2814
894,2817
918,2812
942,2813
969,2817
994,1660
994,1660
1044,1660
1058,1665
1096,1662
1106,1665
1148,1664
1151,1665
1183,1661
1221,1660
1248,2815
1276,1663
1301,1660
1325,1664
1356,1662
1376,2814
1408,1664
1425,1660
1452,1662
1477,1663
1505,1661
1528,1661
1554,1664
1580,1662
1606,1660
1631,1662
1652,2808
1681,2808
1707,2806
1733,2809
1753,2806
1783,2809
1808,2807
1825,2809
1859,2808
1886,2807
1904,2808
1938,2807
1962,2808
1989,2808
2014,2807
2038,2808
2064,2808
2091,2807
2115,2807
2141,2808
2167,2808
2190,2807
2216,2807
2237,2808
2266,2808
2292,2808
2317,2807
2344,2807
2369,2807
2395,2807
2419,2807
2446,2807
2470,2807
2498,2807
2518,2807
2539,2807
2571,2807
2598,2807
2613,2807
2636,2807
2665,2807
2707,2807
2709,2807
2740,2808
2775,2812
2801,3148
2826,3149
2865,2909
2891,2958
2901,2919
2924,2965
2955,3365
2956,2968
2980,3366
3002,3366
3013,3366
3059,3367
3080,3367
3107,3367
3133,3368
3154,3370
3180,3370
3208,3374
3231,3384
3257,3386
3286,3471
3311,3471
3334,3471
3359,3692
3382,3699
3409,3698
3440,3718
3469,3718
3486,3719
3512,3717
3538,3719
3570,3719
3592,3719
3618,3719
3639,3719
3673,3725
3690,3727
3721,3737
3755,3972
3772,3972
3793,3962
3832,3962
3852,3985
3872,3994
3898,4002
3921,4018
3944,4019
3974,4030
4007,4041
4022,4051
4051,4066
4069,4174
4092,4176
4120,4184
4149,4192
4181,4210
4199,4215
