154,2814
175,2813
202,2817
202,2817
252,2817
252,2817
297,2814
308,2816
353,2819
374,2813
408,2815
438,2820
460,2816
486,2812
510,2816
537,2819
562,2814
588,2813
612,2816
634,2819
661,2813
690,2814
711,2817
743,1662
761,2812
792,2816
817,2817
841,2812
868,2814
894,2817
919,2812
944,2813
969,2817
994,1660
1021,2813
1043,1660
1072,2811
1096,1662
1106,1665
1148,1664
1151,1665
1183,1661
1228,1661
1248,2815
1276,1663
1302,1660
1327,1664
1356,1662
1376,2814
1408,1664
1408,1664
1416,2811
1483,3567
1507,3567
1524,3567
1556,3567
1584,3568
1605,3568
1633,3569
1659,3569
1684,3569
1711,3570
1735,3570
1757,3570
1786,3570
1811,3571
1836,3571
1863,3572
1888,3573
1915,3573
1945,3172
1964,3172
1987,3172
2020,3173
2027,3173
2057,3175
2057,3175
2161,3175
2161,3175
2161,3175
2191,3175
2214,3175
2247,3176
2271,3176
2305,3188
2326,3188
2354,3189
2374,3189
2395,3189
2428,3189
2455,3189
2477,3189
2493,3189
2526,3190
2549,3191
2576,3192
2606,3193
2631,3201
2655,3202
2673,3202
2704,3203
2731,3204
2764,3208
2781,3208
2809,3207
2833,3206
2853,3206
2888,3205
2916,3205
2933,3204
2959,3205
2980,3204
3017,3201
3038,3201
3071,3201
3087,3201
3113,3204
3140,3203
3167,3209
3190,3228
3216,3270
3240,3275
3266,3276
3266,3630
3284,3630
3312,3631
3350,3631
3364,3631
3399,3634
3421,3634
3446,3634
3470,3650
3499,3650
3528,3650
3547,3652
3576,3664
3599,3693
3629,3712
3652,3725
3676,3730
3708,3741
3723,3742
3787,3848
3810,3860
3833,3874
3856,3878
