154,2814
176,2813
202,2817
202,2817
252,2817
252,2817
297,2814
331,2820
356,2818
382,2813
398,2814
431,2819
459,2817
481,2812
510,2816
536,2819
562,2814
586,2812
612,2816
634,2819
661,2813
687,2813
710,2817
738,2815
761,2812
790,2816
815,2817
841,2812
858,2813
882,2817
918,2812
942,2813
969,2817
994,1660
1019,2813
1044,1660
1070,2812
1096,1662
1106,1665
1148,1664
1152,1665
1183,1661
1221,1660
1248,2815
1274,1662
1301,1660
1325,1664
1356,1662
1365,1664
1385,1660
1408,1664
1425,1660
1477,1663
1502,1660
1527,1662
1551,1664
1579,1662
1605,1660
1630,1662
1654,3250
1679,3250
1705,3250
1733,3250
1753,3250
1785,3250
1807,3251
1832,3251
1856,3251
1863,3251
1863,3251
1937,3251
1957,3251
1980,3251
2011,3251
2036,3251
2062,3251
2083,3251
2107,3253
2145,3253
2164,3253
2190,3253
2215,3253
2235,3254
2266,3254
2290,3254
2303,3254
2341,3254
2367,3254
2389,3254
2419,3254
2444,3254
2467,3256
2495,3256
2521,3256
2547,3256
2567,3256
2595,3256
2623,3256
2644,3256
2672,3267
2685,3267
2719,3284
2751,3284
2768,3284
2798,3285
2824,3285
2845,3285
2860,3287
2896,3287
2926,3288
2953,3281
2978,3281
3003,3281
3028,3281
3053,3285
3078,3284
3107,3281
3131,3280
3159,3295
3183,3332
3210,3333
3233,3335
3259,3337
3286,3367
3312,3370
3337,3382
3364,3387
3386,3428
3417,3463
3441,3647
3444,3461
3477,3642
3500,3643
3528,3652
3554,3653
3580,3648
3605,3677
3622,3679
3651,3682
3683,3695
3698,3882
3723,3881
3753,3886
3772,3886
3811,3887
3835,3888
3855,3892
3884,4018
3905,4053
3923,4053
3958,4062
3988,4079
4016,4104
4036,4106
4065,4117
4092,4176
4101,4124
4120,4184
4149,4192
4181,4210
4199,4215
