154,2814
176,2813
202,2817
202,2817
232,2821
252,2817
297,2814
331,2820
339,2821
382,2813
407,2815
431,2819
459,2817
473,2813
508,2815
533,2819
552,2817
584,2812
608,2816
634,2819
657,2813
685,2813
711,2817
738,2815
761,2812
786,2815
811,2818
834,2812
844,2812
887,2817
913,2813
938,2812
963,1665
989,2813
1008,1664
1033,2815
1058,1665
1064,2813
1098,1663
1132,1660
1167,2813
1181,1660
1214,2811
1242,1665
1268,1661
1293,2812
1320,1664
1342,1660
1365,1664
1385,1660
1418,1660
1441,1664
1467,1661
1496,1660
1520,1664
1545,1662
1572,1660
1596,1662
1620,1663
1645,2811
1672,2807
1697,2808
1720,2807
1742,2808
1774,2808
1789,2808
1815,2808
1848,2806
1868,2809
1895,2807
1925,2807
1949,2809
1976,2807
2000,2808
2025,2808
2051,2807
2077,2807
2101,2808
2124,2807
2152,2807
2181,2807
2203,2808
2226,2807
2255,2807
2280,2807
2304,2807
2330,2808
2355,2808
2380,2808
2403,2808
2430,2808
2453,2807
2482,2808
2504,2807
2533,2808
2552,2807
2587,2807
2613,2807
2636,2807
2665,2807
2692,2807
2707,2807
2717,2807
2740,2808
2767,3334
2781,3333
2807,3333
2834,3333
2886,3333
2911,3333
2930,3332
2961,3332
2987,3332
3012,3333
3038,3333
3060,3332
3088,3332
3114,3332
3140,3588
3164,3588
3186,3589
3216,3589
3240,3558
3265,3786
3290,3785
3316,3784
3338,3783
3368,3783
3389,3783
3412,3781
3440,3781
3469,3781
3470,3781
3516,3765
3543,3765
3571,3764
3596,3763
3627,3826
3650,3826
3674,3763
3703,3764
3728,3865
3753,3865
3787,3868
3800,3870
3826,3869
3859,3900
3886,3949
3912,3955
3940,3978
3962,3984
3982,4003
4007,4029
4029,4039
4072,4093
4082,4171
4101,4171
4125,4173
4152,4176
4181,4210
4199,4215
