147,771
173,771
198,776
222,1331
250,1331
277,1331
287,1331
301,1331
339,1332
377,1739
404,1739
430,1739
454,1739
479,1740
508,1740
532,1741
556,1742
582,1743
611,1746
634,1746
671,1746
693,1746
710,1746
740,1746
760,1746
789,1747
809,1752
826,1753
863,1753
890,1754
916,1781
941,1781
974,1795
995,1795
1016,1795
1050,1795
1065,1795
1088,1795
1118,1810
1148,1809
1172,1809
1193,1855
1223,1855
1246,1855
1275,1855
1302,1855
1327,1873
1352,1875
1378,2081
1403,2081
1424,2081
1458,2349
1478,2350
1505,2351
1533,2253
1559,2253
1584,2254
1607,2255
1635,2257
1659,2257
1683,2258
1710,2258
1736,2270
1764,2315
1779,2315
1809,2315
1839,2321
1870,2321
1894,2321
1918,2319
1945,2318
1976,2316
1997,2379
2021,2379
2041,2379
2070,2380
2101,2388
2123,2396
2152,2401
2170,2401
2198,2401
2227,2405
2248,2406
2277,2418
2297,2412
2326,2418
2348,2424
2379,2425
2407,2428
2424,2813
2442,2813
2465,2813
2489,2830
2513,2833
2539,2833
2579,2843
2597,2843
2626,2846
2640,2844
2673,2853
2696,2855
2717,2858
2751,2858
2774,2858
2798,2862
2823,2863
2851,2864
