147,771
173,771
198,776
222,1331
250,1331
277,1331
287,1331
301,1331
331,1332
362,1333
402,1334
429,1334
456,1333
482,1335
508,1335
533,1337
559,1339
582,1339
608,1297
635,1295
662,1295
688,1296
707,1294
737,1294
766,1943
789,1943
807,1943
843,1943
868,1943
898,1942
924,1942
941,1942
973,1942
998,1952
1023,1952
1048,1955
1075,1955
1101,1961
1123,2023
1147,2023
1156,2023
1200,2288
1228,2289
1254,2290
1280,2291
1308,2291
1333,2292
1357,2293
1384,2497
1410,2498
1437,2498
1459,2500
1483,2501
1512,2502
1538,2504
1562,2515
1584,2515
1614,2340
1644,2339
1665,2339
1692,2338
1721,2342
1749,2341
1771,2341
1790,2517
1821,2519
1845,2521
1871,2536
1902,2324
1930,2323
1948,2322
1970,2321
1997,2381
2028,2407
2048,2387
2083,2420
2100,2421
2143,2433
2143,2433
2177,2433
2202,2433
2247,2450
2261,2475
2285,2481
2315,2490
2343,2499
2359,2502
2395,2512
2419,2524
2439,2630
2464,2632
2498,2632
2522,2633
2545,2633
2575,2635
2602,2638
2627,2649
2645,2671
2666,2763
2696,2788
2721,2799
2744,2797
2764,2804
2794,3040
2802,2814
2826,3041
2856,3041
2873,3031
2909,3031
2931,3032
2953,3032
2983,3032
3006,3036
3031,3053
