147,771
173,771
198,776
222,1331
250,1331
272,1331
301,1331
325,1332
331,1332
368,1333
402,1334
425,1334
455,1333
479,1334
508,1335
524,1335
554,1339
580,1339
607,2755
632,2756
656,2756
678,2757
702,2756
734,2756
759,2757
779,2757
807,2757
834,2757
858,2757
884,2757
911,2757
937,2757
962,2757
989,2757
1008,2757
1038,2757
1067,2758
1090,2758
1115,2758
1142,2758
1166,2758
1191,2758
1210,2758
1241,2758
1269,2758
1294,2758
1317,2758
1346,2758
1363,2758
1395,2758
1423,2758
1447,2758
1467,2758
1496,2759
1519,2759
1547,2759
1574,2760
1596,2759
1624,2760
1649,3081
1675,3081
1701,3081
1730,3081
1754,3081
1778,3081
1806,3081
1824,3081
1851,3081
1877,3081
1905,3081
1930,3081
1955,3082
1978,3082
2004,3082
2022,3083
2056,2669
2081,2669
2108,2669
2134,2711
2159,2726
2183,2737
2209,2739
2233,2743
2259,2744
2288,2748
2311,2749
2337,2737
2366,2730
2396,2761
2421,2767
2448,2777
2470,2778
2503,2783
2525,2694
2546,2685
2583,2697
2614,2725
2639,2725
2663,2724
2688,2728
2714,2754
2745,2757
2770,2864
2795,2866
2818,2909
2847,2913
2875,2915
2892,2997
2900,2915
2920,2998
2942,3002
2962,3005
2990,3010
3026,3173
3049,3198
3065,3199
3105,3203
3123,3203
3158,3210
3173,3209
3195,3215
