147,771
173,771
198,776
222,1331
250,1331
272,1331
299,1331
321,1332
340,1332
368,1333
401,1333
422,1334
455,1333
477,1334
497,1335
513,1335
552,1339
576,1339
600,2755
629,2756
653,2756
678,2757
702,2756
734,2756
753,2756
779,2757
807,2757
819,2757
858,2757
881,2757
911,2757
937,2757
951,2757
983,2757
1008,2757
1038,2757
1059,2758
1084,2758
1108,2758
1133,2758
1153,2758
1182,2758
1212,2758
1238,2758
1258,2758
1286,2758
1309,2758
1338,2758
1362,2758
1387,2758
1406,2758
1436,2758
1463,2758
1489,2758
1513,2759
1537,2759
1560,2759
1588,2759
1611,2760
1640,2739
1665,2739
1691,2739
1713,2739
1740,2741
1769,2741
1783,2741
1815,2741
1843,2742
1870,2741
1893,2740
1919,2740
1943,2740
1966,2740
1994,2743
2019,2743
2035,2743
2069,2717
2092,2717
2121,2717
2146,2718
2171,2737
2196,2743
2221,3015
2244,3015
2273,3015
2298,3015
2322,3015
2348,3010
2374,3010
2399,3003
2427,3003
2448,2767
2473,3005
2503,2781
2525,2781
2550,2781
2577,2797
2598,2807
2625,2819
2651,2952
2675,2965
2701,2972
2730,3016
2754,3091
2780,3129
2810,3131
2821,3131
2856,3133
2885,3133
2912,3159
2929,3159
2965,3159
2979,3159
3007,3161
3033,3161
3060,3166
3087,3175
3112,3186
3138,3187
3163,3187
3185,3202
3215,3252
3246,3254
3279,3315
3309,3338
3333,3365
3362,3376
