250,949
275,949
301,949
326,950
351,967
376,967
402,970
428,971
451,972
478,972
485,972
528,978
553,981
579,983
603,1938
630,1938
656,1938
683,1939
703,1938
730,1942
759,1942
783,1942
805,1942
832,1942
857,2001
884,1998
908,1998
932,1998
958,2004
982,2003
1008,2003
1034,2003
1059,2003
1085,2003
1111,2675
1136,2675
1160,2675
1188,2691
1207,2691
1233,2691
1263,2691
1286,2691
1315,2692
1337,2692
1366,2692
1388,2692
1413,2692
1429,2693
1464,2694
1491,2694
1514,2695
1538,2695
1565,2695
1589,2695
1604,2759
1641,2772
1665,2773
1689,2773
1717,2783
1746,2784
1763,2784
1793,2699
1817,2734
1841,2735
1866,2735
1894,2833
1920,2890
1942,2889
1969,2889
1994,2889
2023,2890
2046,2889
2072,2889
2090,2889
2116,2890
2145,3140
2174,3140
2197,3165
2220,3165
2247,3258
2271,3258
2301,3258
2326,3259
2351,3260
2371,3260
2402,3258
2425,3258
2452,3259
2475,3260
2500,3296
2525,3296
2552,3297
2574,3307
2600,3307
2621,3314
2652,3315
2681,3318
2698,3319
2729,3337
2755,3344
2784,3347
2804,3348
2825,3361
2846,3361
2875,3360
2914,3360
2933,3365
2953,3365
2991,3369
3019,3368
3044,3368
3061,3367
3079,3367
3116,3365
3135,3365
3169,3365
3187,3366
3220,3365
3233,3367
3257,3458
3298,3459
3313,3460
3342,3474
3362,3481
3395,3486
3420,3490
3443,3492
3473,3494
3492,3499
3529,3537
3547,3685
3582,3685
3603,3685
3634,3684
3660,3685
3683,3708
3705,3727
3741,3752
