149,326
176,2499
197,2502
227,2502
252,2503
278,2504
290,2505
326,2505
345,2506
380,2507
408,2507
423,2507
445,2507
473,2508
500,2509
527,2508
541,2510
575,2522
577,2522
626,2522
648,2522
661,2601
709,2601
738,2600
764,2596
787,2596
816,2596
839,2596
864,2784
864,2605
917,2784
944,2784
971,2784
994,2784
1019,2784
1045,2784
1071,2784
1098,2785
1120,2786
1147,2786
1167,2786
1174,2786
1222,2787
1250,2787
1274,2787
1299,2787
1326,2268
1347,2268
1377,2268
1403,2268
1429,2268
1452,2268
1477,2268
1503,2299
1532,2299
1557,2307
1581,2307
1610,2313
1635,2314
1655,2314
1686,2314
1710,2315
1738,2315
1757,2316
1783,2316
1811,2317
1844,2276
1866,2276
1884,2276
1914,2275
1941,2563
1966,2562
1990,2561
2017,2561
2048,2561
2070,2561
2096,2559
2119,2559
2144,2559
2169,2558
2199,2557
2228,2560
2246,2559
2276,2559
2294,2559
2328,2560
2351,2559
2377,2681
2400,2681
2437,2565
2453,2567
2479,2569
2508,2611
2531,2761
2558,2768
2584,2770
2605,2773
2629,2789
2668,2793
2693,2800
2718,2800
2743,2804
2769,2806
2791,2811
2796,2899
2835,2925
2848,2934
2877,2945
2908,2954
2936,2946
2981,3017
3012,3018
