149,326
176,2499
197,2502
227,2502
252,2503
278,2504
290,2505
326,2505
345,2506
380,2507
408,2507
423,2507
445,2507
473,2508
500,2509
534,2508
541,2510
575,2522
577,2522
626,2522
648,2522
661,2601
709,2601
738,2600
764,2596
787,2596
816,2596
839,2596
864,2784
879,2586
917,2585
917,2586
978,2586
978,2586
1012,2592
1020,2591
1045,2592
1097,2591
1120,2591
1148,2590
1172,2590
1196,2589
1214,2588
1241,2615
1274,2615
1295,2615
1322,2615
1357,2615
1377,2607
1402,2607
1423,2607
1455,2605
1478,2605
1504,2605
1509,2605
1565,2604
1595,2605
1600,2590
1627,2601
1658,2607
1679,2607
1709,2608
1733,2608
1755,2609
1791,2609
1809,2609
1837,2609
1858,2596
1889,2601
1911,2600
1940,2600
1963,2628
1989,2628
2018,2628
2039,2749
2072,2750
2093,2751
2119,2753
2142,2754
2174,2755
2194,2756
2223,2757
2250,2758
2282,2758
2304,2758
2335,2759
2346,2759
2383,2762
2400,2761
2436,2763
2462,2763
2491,2763
2516,2763
2539,2768
2562,2763
2589,2683
2618,2775
2643,2788
2670,2790
2696,2802
2723,2802
2754,2803
2772,2807
2788,2891
2801,2812
2819,2908
2847,2901
2874,2987
2892,3078
2921,3410
2944,3410
2971,3411
3000,3418
3031,3423
3058,3423
3090,3424
3114,3424
3142,3425
3142,3425
3214,3425
3214,3425
3214,3425
3214,3425
3307,3419
3307,3419
3358,3449
3358,3449
3388,3447
3412,3450
3449,3470
3449,3470
3466,3560
3493,3562
3514,3563
3545,3569
3571,3633
3598,3644
3625,3650
