149,326
171,2487
197,2502
227,2502
252,2503
267,2504
289,2505
326,2505
345,2506
374,2506
378,2507
428,2507
445,2507
473,2508
500,2509
529,2508
541,2522
541,2521
577,2522
626,2522
645,2522
648,2523
648,2522
716,2601
716,2601
773,2596
802,2597
833,2596
859,2596
879,2586
906,2586
934,2585
956,2586
978,2585
1008,2592
1033,2592
1060,2592
1080,2591
1110,2591
1140,2590
1161,2590
1186,2589
1214,2615
1236,2615
1260,2615
1295,2615
1309,2615
1322,2615
1357,2615
1372,2615
1372,2615
1439,2605
1439,2603
1490,2605
1504,2605
1514,2606
1565,2604
1595,2605
1600,2600
1627,2601
1646,2607
1696,2612
1696,2607
1755,2609
1755,2609
1791,2609
1822,2609
1843,2609
1858,2601
1895,2600
1922,2600
1947,2600
1973,2628
1989,2628
2021,2628
2050,2596
2074,2678
2098,2678
2121,2685
2151,2684
2168,2684
2196,2831
2213,2832
2250,3678
2275,3678
2298,3680
2317,3680
2353,3651
2378,3652
2406,3654
2425,3654
2449,3655
2477,3660
2506,3669
2526,3672
2541,3672
2577,3672
2603,3673
2637,3674
2659,3690
2680,3703
2711,3720
2737,3725
2753,3725
2781,3729
2801,3751
2834,3753
2860,3754
2885,3754
2902,3754
2930,3755
2964,3756
2983,3760
3023,3769
3047,3769
3059,3769
3093,3769
3115,3769
3137,3769
3159,3770
3197,3770
3216,3771
3243,3771
3264,3771
3275,3775
3324,3782
3344,3782
3366,3797
3386,3797
3427,3809
3456,3809
3456,3809
3502,3809
3534,3809
3540,3809
3564,3806
3586,3806
3620,3806
3651,3806
3666,3806
3693,3805
3728,3805
3751,3805
3766,3805
3799,3835
3825,3867
3842,3874
3872,3900
3900,3913
3935,3952
3976,4112
3995,4109
4019,4125
4050,4125
4087,4130
4087,4130
4113,4137
