148,1984
171,1983
193,1983
224,1983
250,1983
272,1982
301,1982
325,1954
351,1954
367,1954
387,1954
428,1953
449,1954
464,1953
482,1972
523,1972
552,1972
560,1972
604,1971
627,1971
653,1971
674,1971
703,1972
729,1973
733,2001
759,2030
800,2078
829,2096
853,2137
882,2137
902,2149
930,2149
956,2149
980,2149
1007,2149
1028,2162
1055,2171
1055,2162
1082,2171
1131,2195
1154,2195
1175,2195
1182,2198
1222,2425
1258,3191
1282,3191
1311,3191
1332,3191
1361,3191
1382,3191
1410,3191
1435,3191
1451,3191
1485,3192
1510,3191
1515,3191
1560,3193
1584,3193
1611,3147
1636,3147
1662,3146
1690,3146
1711,3146
1739,3145
1762,3145
1787,3145
1817,3145
1838,3144
1863,3145
1894,3144
1912,3144
1940,3142
1944,3142
1999,3142
1999,3142
2035,3142
2062,3142
2089,3142
2126,3141
2126,3141
2188,3142
2188,3142
2214,3141
2248,3141
2268,3141
2292,3141
2316,3141
2341,3141
2364,3141
2394,3141
2418,3141
2446,3141
2467,3141
2493,3143
2539,3143
2539,3143
2568,3150
2598,3150
2623,3150
2644,3150
2670,3169
2694,3171
2720,3170
2748,3170
2767,3170
2794,3170
2829,3170
2853,3170
2879,3170
2897,3801
2923,3801
2951,3801
2978,3801
2998,3801
3025,3801
3049,3801
3075,4302
3100,4303
3128,4305
3150,4306
3175,4306
3203,4306
3222,4306
3250,4306
3276,4306
3299,4306
3326,4307
3351,4307
3376,4307
3400,4307
3428,4307
3458,4307
3479,4175
3500,4192
3523,4193
3557,4193
3584,4198
3606,4197
3635,4198
3665,4206
3683,4206
3716,4206
3743,4211
3778,4211
3778,4211
3808,4212
3840,4212
3862,4216
3883,4216
3921,4215
3937,4215
3970,4216
3997,4219
4026,4415
4039,4427
4067,4430
4092,4430
4123,4431
4141,4433
4170,4437
4202,4437
4227,4446
4247,4446
4272,4451
4301,4453
4329,4445
4353,4448
4371,4450
4404,4521
4431,4527
4460,4521
4474,4521
4505,4544
4513,4557
4561,4572
4584,4597
4616,4626
