250,862
275,863
301,869
326,886
344,895
352,895
403,1021
427,1020
453,1026
479,1026
503,1034
531,1033
537,946
570,947
587,951
631,1356
656,1355
666,1355
691,1356
720,1356
756,1356
784,1356
803,1358
831,1358
858,1357
884,1358
908,1358
937,1359
962,1361
986,1361
1007,1361
1036,1361
1059,1360
1090,1360
1114,1360
1139,1361
1167,1361
1192,1362
1216,1362
1242,2179
1267,2179
1294,2178
1318,2178
1344,2181
1370,2181
1394,2181
1419,2181
1445,2181
1470,2181
1495,2186
1522,2185
1547,2189
1572,2188
1595,2191
1623,2189
1650,2265
1676,2265
1699,2269
1724,2276
1750,2276
1776,2276
1801,2276
1827,2303
1853,2304
1877,2304
1903,2304
1928,2306
1954,2306
1981,2376
2005,2376
2031,2377
2054,2381
2081,2381
2106,2360
2135,2366
2152,2366
2184,2431
2209,2430
2233,2429
2262,2536
2287,2537
2311,2539
2336,2540
2361,2540
2382,2548
2412,2564
2440,2591
2466,2597
2488,2624
2510,2714
2546,2820
2567,2827
2598,2841
2615,2843
2648,2845
2666,2842
2708,2846
2725,2847
2739,2851
2769,2860
2806,2850
2839,2852
