150,3801
174,3802
196,3802
220,3802
251,3802
276,3803
299,3803
313,3803
349,3803
377,3803
393,3804
412,3804
433,3804
478,3805
491,3805
529,3805
553,3805
554,3806
604,3806
627,3806
657,3806
680,3814
680,3806
680,3806
719,3816
768,3816
768,3816
818,3816
857,3819
875,3819
907,3819
932,3819
960,3820
973,3822
1011,3822
1035,3822
1056,3822
1082,3823
1107,3823
1134,3823
1159,3823
1186,3825
1211,3825
1236,3825
1257,3825
1285,3827
1305,3827
1334,3827
1352,3828
1352,3828
1352,3828
1378,3828
1464,3848
1487,3848
1499,3849
1533,3848
1561,3848
1588,3848
1621,3849
1636,3849
1659,3849
1664,3849
1714,3848
1742,3849
1761,3849
1761,3849
1815,3849
1844,3849
1864,3849
1896,3849
1913,3849
1941,3849
1970,3849
1996,3849
2013,3849
2036,3849
2066,3849
2084,3849
2099,3846
2138,3845
2162,3846
2198,3845
2233,3845
2233,3845
2260,3846
2291,3845
2323,3845
2347,3846
2368,3845
2408,3846
2434,3845
2457,3845
2484,3846
2500,3845
2519,3845
2519,3845
2572,3847
2595,3851
2623,3851
2646,3851
2671,3851
2690,3851
2720,3851
2751,3851
2774,3851
2797,3851
2823,3851
2854,3851
2864,3851
2902,3851
2928,3851
2938,3851
2980,3863
2997,3863
3026,3863
3051,3864
3074,3864
3102,3863
3128,3864
3151,3864
3178,3897
3202,3898
3229,3898
3254,3898
3278,3899
3302,3717
3328,3717
3348,3717
3381,3717
3407,3717
3429,3717
3461,3717
3480,3717
3506,3906
3533,3917
3557,3924
3582,3925
3606,3934
3634,3940
3656,3950
3677,3950
3717,3950
3737,3949
3764,3928
3793,3937
3815,3956
3844,3962
3870,3960
3894,3972
3922,3981
3949,3981
3973,3989
3995,4195
4017,4199
4043,4207
4071,4195
4099,4203
4125,4211
4150,4219
4173,4226
4196,4233
4236,4252
4253,4268
4264,4310
4288,4316
4309,4334
