150,3801
174,3802
196,3802
220,3802
251,3802
270,3803
299,3803
313,3803
349,3803
377,3803
397,3804
429,3804
433,3804
433,3804
507,3805
529,3805
553,3805
554,3806
607,3806
632,3806
657,3806
682,3814
702,3814
719,3815
719,3816
768,3816
797,3816
818,3816
860,3819
885,3819
911,3819
934,3819
960,3820
986,3822
1011,3822
1035,3822
1061,3822
1091,3823
1114,3823
1131,3823
1165,3825
1186,3825
1215,3825
1238,3825
1265,3827
1290,3827
1305,3827
1334,3827
1352,3828
1378,3828
1382,3825
1441,3848
1472,3848
1493,3849
1526,3848
1533,3848
1561,3848
1597,3848
1621,3849
1643,3849
1659,3849
1670,3849
1719,3848
1751,3849
1760,3849
1794,3849
1827,3849
1848,3849
1873,3849
1896,3849
1913,3849
1950,3849
1977,3849
1996,3849
2034,3849
2050,3849
2075,3849
2099,3846
2138,3845
2162,3846
2162,3846
2198,3845
2233,3845
2260,3846
2291,3845
2307,3845
2329,3846
2347,3846
2368,3845
2408,3846
2434,3845
2457,3845
2484,3846
2509,3845
2519,3845
2560,3847
2582,3851
2607,3851
2638,3851
2655,3851
2683,3851
2720,3851
2735,3851
2760,3851
2786,3851
2810,3851
2832,3851
2860,3851
2889,3851
2915,3851
2938,3851
2956,3851
2980,3863
3014,3864
3035,3863
3064,3863
3088,3864
3115,3864
3140,3864
3166,3852
3191,3852
3218,3852
3242,3852
3268,3866
3288,3866
3319,3866
3341,3866
3369,3867
3394,3868
3420,3876
3443,3876
3473,3883
3494,3883
3525,3837
3544,3837
3570,3837
3596,3837
3622,3837
3649,3837
3669,3854
3697,4022
3723,4022
3749,4033
3774,3955
3802,3955
3825,3955
3853,3970
3881,3974
3907,4062
3930,4062
3962,4073
3986,4077
4013,4078
4041,4078
4066,4082
4069,4358
4093,4392
4119,4394
4145,4397
4173,4405
4206,4413
4231,4413
4256,4413
4273,4413
4311,4413
4332,4413
4366,4431
4381,4432
4414,4443
4440,4452
4457,4473
