153,2548
178,2548
203,2548
229,2548
253,2548
279,2548
293,2548
331,2548
355,2548
358,2548
405,2558
430,2558
456,2558
483,2558
508,2558
528,2557
556,2554
582,2554
604,2554
608,2555
642,2555
679,2555
706,2555
734,2555
745,2555
745,2555
806,2555
818,2555
828,2560
867,2561
867,2560
933,2565
955,2565
982,2565
1009,2565
1036,2566
1052,2565
1077,2565
1087,2582
1122,2584
1138,2584
1186,2584
1198,2584
1219,2586
1219,2586
1284,2598
1312,2598
1351,2598
1366,2598
1387,2598
1393,2598
1422,2599
1432,2599
1450,2599
1513,3764
1539,3764
1564,3764
1592,3764
1613,3764
1638,3764
1665,3764
1687,3764
1713,3764
1739,3764
1770,3764
1786,3764
1816,3765
1842,3765
1868,3765
1892,3765
1917,3765
1943,3765
1967,3762
1991,3762
2020,3762
2040,3762
2068,3762
2094,3762
2117,3762
2142,3762
2168,3761
2194,3761
2219,3761
2246,3761
2268,3761
2294,3760
2318,3760
2347,3740
2371,3740
2389,3739
2418,3739
2444,3739
2471,3739
2496,3739
2520,3739
2544,3739
2574,3739
2597,3739
2623,3739
2647,3739
2670,3739
2695,3739
2724,3739
2743,3739
2770,3739
2795,3739
2822,3738
2849,3738
2875,3738
2898,3738
2925,3739
2950,3739
2975,3739
3008,3739
3024,3739
3048,3739
3075,3739
3103,3739
3127,3739
3147,3739
3178,3739
3215,3739
3220,3739
3247,3739
3268,3739
3310,3739
3326,3739
3354,3739
3380,3738
3403,3738
3429,3739
3452,3738
3479,3738
3503,3740
3526,3751
3553,3759
3578,3759
3604,3760
3629,3761
3655,3762
3680,3764
3705,3767
3730,3775
3759,3877
3788,3882
3814,3886
3838,3887
3866,4041
3888,4026
3911,4027
3948,4027
3973,4028
4000,4030
4019,4051
4055,4070
4108,4148
4123,4147
4157,4167
4164,4220
4182,4224
4207,4228
4239,4255
