153,2548
178,2548
204,2548
229,2548
253,2548
279,2548
293,2548
331,2548
355,2548
381,2548
404,2558
431,2558
460,2558
483,2558
509,2557
532,2557
557,2554
585,2554
608,2554
608,2554
642,2555
679,2555
712,2555
736,2555
745,2555
788,2555
811,2555
818,2561
818,2555
867,2560
889,2565
904,2565
955,2565
966,2565
1020,2565
1041,2566
1067,2565
1094,2582
1122,2584
1122,2584
1145,2584
1198,2584
1219,2586
1219,2586
1275,2598
1284,2598
1312,2598
1351,2598
1366,2598
1393,2598
1398,2599
1440,2599
1476,2380
1498,2380
1522,2380
1558,2379
1577,2379
1601,2379
1618,2379
1640,2379
1682,2401
1701,2401
1724,2401
1750,2444
1779,2395
1809,2394
1829,2393
1860,2393
1877,2392
1915,2392
1933,2687
1954,2688
1984,2689
2009,2689
2032,2689
2054,2690
2078,2695
2116,2695
2134,2699
2157,2700
2185,2697
2208,2707
2234,2707
2265,2692
2288,2693
2315,2693
2340,2715
2361,2731
2394,2737
2427,2740
2454,2739
2471,2739
2486,2740
2522,2748
2543,2748
2566,2748
2595,2753
2624,2775
2645,2858
2679,2861
2697,2874
2722,2873
2756,2879
2773,2881
2794,2880
2815,2887
2852,2897
2878,2954
2910,2986
2938,2988
2955,2991
2986,2999
3017,3297
3034,3299
3062,3301
3087,3302
3117,3304
3136,3305
3166,3309
3182,3311
3218,3319
3236,3316
3264,3325
3282,3327
3316,3334
