144,2083
164,2083
184,2084
213,2084
229,2084
269,2084
281,2084
291,2085
345,2094
371,2101
379,2100
410,2101
410,2101
410,2101
476,2101
512,2104
546,2104
561,2104
594,2099
624,2099
642,2099
670,2100
699,2100
708,2100
708,2100
775,2100
800,2117
816,2117
850,3603
853,3603
897,3603
928,3604
931,3604
978,3605
999,3606
1025,3607
1056,3607
1072,3607
1099,3609
1127,3610
1153,3610
1176,3611
1204,3614
1230,3617
1250,3617
1279,3631
1303,3632
1330,3635
1355,3635
1378,3635
1412,3646
1431,3646
1455,3648
1482,3648
1505,3648
1530,3650
1555,3654
1582,3655
1605,3655
1630,3655
1657,3655
1681,3691
1709,3692
1731,3692
1757,3692
1786,3697
1811,3697
1835,3698
1866,3698
1884,3698
1914,3698
1936,3698
1961,3700
1985,3700
2013,3701
2035,3701
2062,3702
2090,3702
2114,3703
2135,3703
2162,3703
2187,3706
2212,3707
2236,3709
2263,3709
2288,3709
2315,3709
2339,3709
2361,3709
2392,3710
2416,3710
2440,3710
2468,3711
2490,3711
2520,3721
2542,3721
2565,3723
2592,3723
2605,3723
2642,3902
2667,3903
2695,3903
2718,3903
2741,3903
2768,3903
2794,3903
2821,3904
2847,3905
2874,3905
2894,3905
2921,3740
2947,3742
2971,3742
2996,3743
3020,3743
3048,3743
3068,3744
3102,3744
3102,3744
3172,3745
3172,3745
3202,3745
3233,3745
3264,3745
3286,3745
3309,3742
3325,3742
3347,3742
3378,3742
3399,3742
3425,3744
3447,3745
3490,3745
3503,3745
3536,3745
3559,3744
3585,3745
3605,3744
3633,3744
3664,3757
3685,3757
3710,3758
3735,3760
3760,3781
3811,3933
3835,3933
3864,3934
3892,3947
3919,3954
3943,3982
3968,3992
3980,4086
4002,4087
4027,4085
4057,4081
