140,541
169,544
197,1227
227,1228
241,1228
282,1229
305,929
341,929
369,930
394,930
426,932
455,940
478,941
504,948
534,1379
553,1379
576,1380
605,1381
638,1381
655,1381
692,1381
711,1381
743,1391
757,1391
796,1510
812,1509
835,1508
870,1507
891,1505
908,1505
939,1506
973,1497
991,1496
1024,1497
1039,1496
1067,1496
1102,1543
1132,1543
1153,1545
1181,1546
1209,1545
1209,1545
1242,1548
1283,1548
1307,1547
1332,1547
1356,1546
1379,1546
1399,1546
1418,1546
1453,1575
1475,1739
1506,1744
1521,1747
1557,1752
1574,1753
1595,1755
1628,1756
1661,1756
1682,1756
1706,1756
1734,1758
1753,1773
