152,803
178,805
202,805
232,2816
255,2816
281,2817
307,2818
332,2832
343,2833
381,2836
410,2839
436,2840
462,2840
488,2841
512,2656
541,2655
565,2655
592,2656
616,2656
643,2655
668,2655
696,2655
723,2655
745,2655
767,1848
801,1847
823,1847
854,1843
876,1843
905,1840
928,2021
953,2033
979,2037
1004,2048
1031,2055
1057,2085
1082,2085
1106,2086
1127,2087
1156,2087
1185,2090
1210,2091
1236,2093
1268,2094
1286,2094
1315,2094
1339,2095
1366,2100
1391,2127
1427,2126
1444,2126
1470,2126
1497,2126
1520,2133
1547,2133
1575,2153
1591,2320
1622,2320
1649,2322
1679,2322
1695,2322
1724,2330
1751,2324
1784,2370
1800,2370
1818,2369
1852,2368
1875,2367
1897,2367
1927,2367
1964,2367
1989,2377
2009,2509
2026,2510
2048,2510
2089,2510
2108,2510
2130,2510
2156,2511
2180,2541
2200,2541
2232,2541
2250,2541
2280,2544
2303,2543
2338,2555
2353,2543
2382,2612
2400,2649
2434,2645
2466,2645
2491,2644
2514,2661
2530,2661
2548,2675
2582,2695
2611,2697
2627,2700
2670,2701
2683,2701
2702,2756
2730,3177
2743,2759
2771,3178
2783,3178
2819,3178
2838,3178
2868,3179
2895,3192
2918,3193
2947,3196
2971,3247
2997,3323
3023,3326
3049,3331
3074,3206
3097,3233
3127,3225
3156,3223
3182,3249
3207,3250
3244,3252
