152,803
176,805
202,805
226,807
254,812
275,813
304,813
327,825
353,826
377,826
400,827
431,2324
453,2324
481,2351
499,2350
533,2340
553,2340
584,2299
608,2299
634,2299
660,2299
680,2300
708,2470
736,2478
762,2475
786,2476
812,2477
835,2476
864,2476
889,2477
908,2476
938,2477
965,2477
990,2476
996,2476
1037,2481
1065,2480
1090,2481
1117,2480
1138,2483
1168,2489
1193,2489
1215,2485
1240,2484
1272,2485
1296,2882
1316,2882
1344,2882
1379,2882
1395,2882
1417,2882
1440,2882
1473,2882
1501,2882
1523,2882
1553,2881
1577,2882
1602,2881
1632,2881
1646,2881
1679,2881
1699,2881
1724,2881
1753,2881
1779,2880
1805,2880
1831,2880
1854,2880
1883,2880
1908,2880
1936,2880
1954,2879
1979,2879
2005,2879
2028,2879
2058,2912
2083,2912
2107,2912
2134,2912
2163,2911
2186,2911
2223,2915
2247,2915
2264,2915
2276,2915
2317,2915
2333,2915
2355,2915
2394,2915
2409,2915
2441,2915
2465,2915
2491,2915
2514,2915
2543,2915
2568,2915
2593,2915
2617,2915
2640,2918
2667,2961
2689,2963
2719,2966
2742,2970
2770,2972
2794,3044
2821,3062
2845,3084
2870,3080
2896,3133
2923,3133
2947,3136
2977,3289
3007,3289
3030,3299
3051,3304
3083,3305
3123,3305
3140,3305
3167,3305
3194,3311
3220,3325
3245,3328
3268,3328
3297,3332
3327,3344
3354,3369
3355,3454
3386,3454
3410,3454
3437,3451
3442,3552
3473,3557
3493,3564
3520,3565
3549,3565
3581,3625
3602,3691
3630,3695
3652,3695
3678,3702
3702,3732
3737,3746
