152,803
178,805
202,805
229,807
254,812
278,812
304,813
327,825
346,826
355,826
400,827
433,2324
444,2324
484,2351
509,2350
535,2340
557,2340
576,2339
612,2299
638,2299
663,2300
688,2300
714,1781
732,1780
765,1780
785,1780
807,2076
841,2090
866,1629
893,1628
916,1628
944,1628
968,1628
994,1692
1020,1695
1046,1698
1070,1706
1100,1710
1126,1711
1145,1711
1175,1744
1198,1744
1227,1744
1254,1868
1279,1869
1300,1869
1322,1869
1352,1870
1380,1871
1403,1871
1430,2013
1454,2015
1479,2015
1508,2033
1538,2034
1560,2035
1582,2039
1612,2041
1635,2041
1666,2042
1689,2044
1721,2048
1739,2049
1765,2055
1791,2056
1822,2056
1849,2057
1869,2057
1896,2062
1919,2062
1945,2065
1971,2066
1997,2067
2025,2067
2051,2070
2065,2400
2102,2402
2123,2402
2140,2402
2164,2402
2206,2403
2225,2414
2239,2388
2281,2420
2297,2420
2317,2427
2352,2432
2376,2434
2393,2441
2415,2449
2457,2466
2491,2644
2514,2661
2530,2661
2548,2675
2582,2695
2611,2697
2627,2700
2670,2701
2683,2701
2702,2756
2730,3177
2743,2759
2771,3178
2783,3178
2819,3178
2838,3178
2868,3179
2895,3192
2918,3193
2947,3196
2971,3247
2997,3323
3023,3326
3049,3331
3074,3206
3097,3233
3127,3225
3156,3223
3182,3249
3207,3250
3244,3252
