152,803
176,805
202,805
226,807
254,696
280,701
303,2430
329,2431
356,2431
383,2431
405,2432
428,2432
456,2442
482,2443
512,2443
535,2443
558,2444
582,2444
593,2444
634,2454
648,2454
684,2454
703,2454
735,2454
766,2455
788,2455
811,2455
829,2455
868,2455
885,2455
906,2455
939,2455
963,2455
990,2460
1012,2460
1037,2460
1064,2461
1092,2460
1115,2460
1144,2461
1164,2460
1192,2461
1218,2461
1244,2461
1267,2471
1293,2471
1322,2471
1343,2474
1375,2474
1396,2474
1419,2476
1444,2476
1476,2476
1491,2476
1526,2483
1545,3098
1570,3098
1590,3098
1621,3098
1646,3098
1669,3098
1690,3098
1713,3098
1734,3098
1776,3106
1799,3109
1826,3109
1848,3109
1874,3109
1897,2828
1915,2828
1953,2829
1976,2829
2002,2831
2024,2833
2056,2852
2081,2852
2116,2852
2139,2852
2142,2852
2177,2852
2215,3267
2231,3268
2256,3268
2282,3269
2307,3271
2328,3271
2357,3275
2382,3276
2409,2886
2437,2886
2457,3354
2486,3358
2502,3390
2532,3391
2557,3397
2585,3401
2601,3235
2632,3464
2667,3467
2685,3467
2708,3469
2744,3476
2761,3477
2791,3480
2819,3486
2838,3487
2865,3489
2894,3490
2911,3490
2941,3497
2970,3497
2985,3497
3024,3500
3040,3501
3074,3502
3099,3512
3113,3513
3146,3519
3174,3518
3187,3519
3225,3523
3252,3480
3269,3483
3303,3506
3320,3483
3350,3497
3370,3497
3413,3501
3430,3502
3450,3502
3484,3507
3507,3515
3529,3598
3554,3598
3587,3594
