152,803
178,805
202,805
229,807
250,812
278,812
304,813
332,825
355,826
379,827
400,2320
431,2324
453,2324
486,2351
512,2350
533,2340
560,2340
588,2751
615,2751
641,2752
666,2753
692,2753
717,2754
744,2754
769,2755
793,2755
822,2755
847,2755
872,2755
892,2755
923,2755
950,2755
975,2756
1002,2756
1026,2756
1051,2756
1079,2757
1105,2757
1127,2757
1151,2758
1183,2758
1205,2758
1225,2758
1258,2758
1284,2760
1308,2761
1332,2167
1364,2167
1386,2167
1409,2172
1436,2181
1464,2181
1493,2427
1516,2427
1539,2428
1565,2429
1595,2442
1620,2446
1644,2446
1661,2447
1695,2453
1712,2456
1752,2464
1773,2464
1796,2464
1819,2465
1851,2465
1868,2465
1890,2467
1916,2467
1949,2468
1972,2468
1989,2468
2019,2469
2044,2470
2078,2472
2095,2472
2125,2473
2150,2474
2171,2474
2197,2482
2223,2478
2247,2480
2273,2480
2303,2479
2324,2479
2355,2478
2377,2495
2402,2494
2424,2483
2455,2501
2477,2561
2507,2563
2525,2564
2549,2568
2585,2670
2609,2741
2642,2742
2665,2755
2685,2754
2711,2754
2741,2765
2762,2792
2787,2804
2814,2837
2839,2855
