152,803
176,805
202,805
225,2816
253,2816
268,2816
300,2817
330,2832
356,2836
381,2836
400,2837
430,2840
457,2840
481,2841
506,2656
536,2655
558,2655
582,2655
609,2656
638,2655
658,2655
684,2655
708,2655
735,2655
762,2662
779,2662
809,2663
833,2662
861,2662
891,2662
908,2662
940,2662
952,2662
988,2662
1013,2673
1042,2673
1051,2673
1092,2672
1111,2672
1140,2673
1166,2672
1192,2672
1216,2672
1242,2672
1268,2678
1299,2664
1322,2664
1345,2664
1369,2664
1387,2664
1421,3615
1433,3618
1471,3618
1491,3618
1523,3618
1542,3618
1573,3619
1598,3618
1614,3618
1651,3619
1672,3619
1701,3619
1725,3619
1756,3619
1776,3619
1802,3619
1829,3626
1852,3626
1876,3626
1903,3625
1924,3625
1953,3625
1981,3625
2004,3625
2030,3626
2054,3625
2080,3628
2106,3628
2134,3645
2157,3646
2181,3647
2210,3647
2232,3650
2261,3650
2282,3651
2310,3656
2329,3657
2359,3657
2385,3659
2410,3659
2429,3660
2463,3661
2487,3661
2509,3661
2536,3662
2561,3662
2585,3662
2614,3662
2639,3663
2665,3663
2700,3663
2714,3663
2742,3664
2764,3664
2788,3664
2817,3662
2842,3661
2869,3660
2891,3660
2919,3660
2941,3659
2968,3658
2994,3658
3022,3657
3047,3657
3069,3656
3095,3656
3124,3655
3145,3654
3173,3654
3198,3499
3214,3499
3247,3499
3264,3499
3306,3499
3328,3499
3347,3499
3374,3499
3400,3499
3427,3635
3450,3635
3476,3635
3505,3638
3530,3638
3561,3639
3587,3637
3617,3702
3643,3711
3672,3728
3693,3769
3703,3729
3716,3766
3749,3766
