147,848
173,848
194,847
224,1025
249,1024
273,1031
300,1031
326,1036
349,1036
374,1037
397,1039
419,1040
455,1040
482,1040
505,1040
521,1047
557,1043
582,1047
605,1957
631,1958
661,1056
685,1537
707,1534
729,1535
760,1984
778,1982
812,1982
842,1982
863,1981
888,1981
917,1980
942,1981
961,1981
990,1981
1012,1981
1047,1984
1066,1985
1090,1984
1117,1984
1146,1984
1173,2010
1195,2009
1227,2009
1250,2008
1274,2008
1300,2008
1326,2009
1350,2207
1376,2207
1404,2208
1426,2208
1453,2209
1475,2209
1505,2210
1526,2212
1554,2212
1581,2216
1606,2217
1632,2217
1659,2218
1681,2218
1708,2218
1737,2118
1762,2118
1786,2118
1813,2201
1835,2202
1862,2210
1889,2211
1912,2198
1934,2198
1965,2200
1990,2208
2016,2218
2044,2206
2071,2222
2093,2248
2121,2324
2154,2383
2173,2385
2199,2396
2226,2583
2254,2584
2279,2585
2306,2599
2331,2618
2353,2623
2383,2649
2406,2667
2441,2690
2461,2697
2494,2703
2512,2704
2535,2705
2562,2710
2594,2714
2620,2716
2645,2717
2669,2718
2696,2718
2725,2738
2732,2748
2759,2774
2793,3289
2817,3289
2845,3290
2867,3290
2888,3290
2917,3291
2942,3291
2965,3304
2987,3306
3022,3332
3046,3334
3066,3334
3090,3335
3123,3354
3136,3354
3171,3367
3198,3371
3212,3371
3249,3369
3263,3373
3298,3387
3319,3387
3337,3389
3364,3389
