250,4274
276,4274
301,4274
327,4274
350,4274
378,4275
401,4275
428,4275
454,4275
479,4275
508,4275
518,4275
548,4276
579,4276
610,4276
633,4276
657,4277
685,4277
713,4277
736,4277
759,4278
787,4278
812,4278
840,4279
865,4279
894,4279
914,4279
940,4280
967,4281
991,4281
1018,4281
1042,4282
1070,4282
1095,4282
1120,4286
1145,4288
1170,4288
1198,4288
1217,4288
1237,4288
1276,4290
1301,4291
1325,4291
1354,4302
1378,4302
1402,4302
1423,4302
1456,4302
1480,4303
1505,4304
1533,4304
1556,4304
1575,4304
1608,4304
1632,4305
1660,4305
1686,4305
1708,4305
1739,4306
1749,4306
1788,2498
1811,2498
1835,2498
1868,2498
1888,2498
1911,2499
1939,2509
1963,2509
1991,2509
2009,2522
2038,2522
2066,2522
2091,2523
2123,2525
2146,2525
2168,2526
2192,2527
2219,2528
2248,2528
2270,2529
2298,2532
2322,2535
2349,2547
2379,2554
2402,2580
2417,2585
2460,2589
2476,2590
2504,2593
2532,2689
2556,2715
2581,2749
2608,2905
2632,2912
2660,2918
2684,2942
2716,2959
2739,2967
2765,2974
2795,2980
2810,2984
2845,2990
2862,2993
2897,3002
2915,3008
2952,3013
2970,3013
2999,3027
3022,3051
3030,3716
3052,3061
3062,3777
3079,3777
3102,3778
3129,3775
3162,3770
3190,3771
3213,3770
3232,3771
3252,3776
3279,3774
3305,3773
3340,3778
3367,3763
3395,3762
3410,3766
3451,3871
3473,3871
3491,3871
3517,3873
3546,3873
3570,3879
3591,3879
3623,3880
3652,3880
3678,3888
3701,3888
3724,3888
3756,3888
3774,3898
3801,3897
3830,3899
3862,3904
3881,3905
3908,3920
