151,2062
179,2062
200,2062
222,2062
248,2063
279,2063
302,2063
330,2063
353,2063
381,2064
397,2065
430,2064
457,2065
485,2065
504,2065
534,2065
561,2087
590,2088
612,2088
639,2087
657,2088
688,2088
713,2088
740,2088
765,2088
790,2089
819,2089
843,2089
871,2089
902,2089
902,2089
902,2089
965,2089
965,2089
995,2089
1022,2089
1048,2090
1098,2089
1124,2089
1151,2089
1154,2089
1200,2089
1229,2089
1253,2089
1269,2089
1304,2088
1328,2089
1351,2089
1372,2089
1387,2089
1430,2089
1456,2089
1483,2088
1503,2089
1530,2089
1560,2089
1585,2089
1610,2090
1636,2043
1663,2043
1687,2042
1712,2060
1735,2065
1764,2062
1790,1931
1815,1936
1841,1959
1866,2084
1894,2109
1923,2113
1948,2121
1978,2117
1997,2117
2028,2118
2062,2160
2085,2126
2115,2149
2145,2181
2173,2191
2175,2205
2194,2214
2220,2289
2243,2291
2269,2292
2300,2408
2327,2425
2350,2425
2379,2427
2402,2426
2428,2441
2448,2819
2475,2819
2494,2820
2512,2820
2550,2828
2576,2828
2599,2831
2625,2832
2651,2836
2675,2838
2709,2843
2726,2836
2763,2851
2782,2852
2810,2855
2827,2855
2854,2874
2864,2886
2899,2911
