149,2147
167,2147
184,2147
184,2147
199,2147
273,2147
301,2147
316,2147
350,2147
379,2147
403,2147
426,2147
454,2147
480,2147
502,2147
531,2147
537,2147
580,2147
607,2147
628,2153
658,2153
680,2153
712,2153
729,2154
755,2156
773,2157
807,2156
830,2156
849,2156
888,2156
888,2156
936,2227
958,2231
981,2231
1008,2231
1028,2238
1064,2238
1087,2243
1106,2243
1139,2243
1163,2254
1169,2254
1204,2254
1240,2255
1262,2255
1294,2285
1311,2285
1346,2285
1363,2285
1394,2288
1420,2754
1446,2766
1466,2766
1485,2767
1518,2767
1543,2768
1567,2768
1592,2768
1623,2768
1648,2768
1666,2768
1694,2769
1721,2757
1749,2758
1771,2758
1801,2759
1826,2761
1849,2761
1872,2761
1898,2762
1909,2762
1949,2775
1978,2831
1988,2831
2028,2845
2054,2848
2077,2850
2105,2851
2129,2851
2156,2851
2179,2873
2202,2885
2221,2885
2254,2886
2269,2886
2305,2875
2331,2875
2361,2875
2384,2875
2403,2878
2432,2878
2458,2879
2488,2880
2506,2880
2536,3102
2559,3102
2585,3102
2612,3102
2633,3102
2664,3102
2684,3101
2714,3100
2734,3100
2764,3095
2795,3094
2818,3095
2846,3095
2870,3094
2896,3096
2926,3103
2953,3348
2976,3349
2998,3355
3024,3354
3050,3353
3081,3350
3107,3349
3136,3364
3161,3361
3194,3425
3210,3429
3250,3431
3278,3431
3295,3432
3313,3434
3346,3433
3368,3437
3393,3427
3427,3442
