155,356
181,371
207,420
230,438
257,450
282,2421
307,2421
334,2421
359,2421
384,2421
408,2421
435,2421
459,2421
486,2421
512,2421
538,2421
561,2421
572,2421
585,2421
637,2421
664,2421
688,2421
710,2421
733,2421
758,2421
790,2426
817,2425
834,2425
857,2426
897,2425
911,2425
924,2426
964,2427
998,2427
1014,2427
1041,2427
1068,2427
1076,2427
1134,2427
1134,2427
1174,2427
1200,2427
1215,2431
1233,2430
1262,2432
1295,2432
1324,2432
1343,2432
1365,2432
1399,2429
1420,2429
1449,2429
1473,2427
1500,2427
1525,2427
1550,2427
1577,2427
1600,2427
1626,2429
1653,2429
1679,2429
1701,2429
1724,2430
1751,2430
1757,2430
1800,2419
1829,2419
1854,2419
1879,2419
1906,2419
1929,2419
1958,2422
1980,2422
2006,2425
2032,2421
2058,2421
2082,2427
2109,2421
2136,2426
2160,2818
2184,2892
2210,2891
2236,3201
2261,3204
2284,3206
2309,3213
2336,3249
2360,3249
2386,3249
2414,3250
2434,3249
2463,3249
2488,3251
2514,3251
2533,3251
2561,3251
2587,3251
2615,3250
2642,3346
2661,3348
2696,3348
2711,3348
2740,3349
2764,3232
2795,3232
2821,3232
2845,3362
2866,3362
2894,3362
2925,3362
2948,3362
2977,3362
2990,3362
3028,3362
3044,3362
3071,3362
3089,3362
3129,3362
3150,3362
3176,3363
3198,3365
3223,3370
3253,3370
3276,3371
3298,3370
3325,3376
3350,3386
3379,3397
3405,3423
