155,356
181,371
207,420
232,439
257,450
283,2421
309,2421
334,2421
359,2421
386,2421
411,2421
435,2421
461,2421
487,2421
512,2421
538,2421
561,2421
585,2421
614,2421
641,2421
665,2421
688,2421
710,2421
744,2421
758,2421
758,2421
817,2425
834,2425
879,2426
897,2425
920,2425
934,2427
976,2427
998,2427
1024,2427
1041,2427
1076,2427
1076,2427
1134,2427
1156,2427
1174,2427
1200,2427
1215,2427
1251,2432
1276,2432
1309,2432
1324,2432
1354,2432
1381,2432
1408,2429
1431,2429
1455,2429
1482,2427
1509,2427
1533,2427
1560,2427
1583,2427
1612,2429
1636,2429
1661,2429
1684,2429
1712,2430
1740,2430
1764,2430
1793,2430
1818,2419
1838,2419
1862,2419
1885,2419
1915,2419
1942,2420
1968,2422
1980,2422
2020,2425
2042,2421
2070,2422
2091,2427
2122,2426
2146,2426
2171,2446
2200,2447
2223,2457
2250,2461
2272,2482
2299,2498
2323,3072
2352,3076
2375,3082
2401,3088
2427,3092
2449,3127
2470,3129
2501,3130
2521,3130
2553,3133
2579,3134
2600,3023
2633,3021
2658,3022
2672,3130
2695,3130
2731,3131
2760,3135
2784,3140
2805,3151
2841,3138
2865,3138
2885,3142
2913,3159
2936,3159
2954,3160
2985,3171
3007,3178
3039,3178
3056,3178
3083,3178
3121,3183
3148,3183
3166,3184
