247,828
266,828
297,838
323,848
352,1090
371,1089
399,1104
426,1125
456,1137
475,1139
502,1140
530,1170
543,1170
574,1161
604,1194
626,1194
655,1199
681,1258
711,2779
732,2779
737,2779
781,2780
806,2781
821,2781
854,2781
876,2782
909,2782
930,2782
966,2819
983,2819
1015,2819
1022,2819
1065,2820
1083,2820
1116,2820
1134,2820
1161,2820
1189,2820
1216,2820
1242,2821
1275,2821
1294,2821
1320,2821
1347,2821
1374,2821
1395,2821
1419,2821
1445,2821
1480,2823
1503,2823
1529,2823
1564,2823
1564,2823
1597,2823
1629,2823
1656,2823
1674,2823
1700,2823
1725,2823
1740,2823
1773,2823
1806,2823
1830,2823
1845,2823
1873,2823
1896,2823
1926,2823
1955,2823
1963,2823
1997,2823
2031,2823
2051,2824
2082,2824
2110,2837
2136,2837
2157,2837
2179,2837
2219,2837
2232,2837
2258,2858
2290,2858
2318,2858
2337,2858
2365,2858
2386,2858
2420,2860
2443,2860
2464,2902
2502,2919
2515,2919
2544,2920
2567,2927
2595,2941
2617,2940
2647,2935
2664,2935
2693,2934
2718,2936
2748,2939
2772,2945
2797,3129
2822,3129
2854,3130
2879,3130
2900,3131
2931,3131
2950,3131
2989,3139
3011,3137
3034,3137
3058,3137
3089,3139
3113,3145
3138,3199
3162,3206
3190,3215
3191,3372
3215,3380
3244,3386
3271,3385
3301,3392
3320,3397
3338,3407
3370,3414
3406,3416
