249,2343
272,2343
301,2344
323,2345
352,2345
376,2345
387,2346
417,2346
453,2349
479,2350
505,2350
516,2350
555,2350
582,2350
608,2350
626,2350
641,2350
682,2350
701,2350
737,2350
758,2350
785,2350
827,2350
827,2350
861,2350
870,2349
884,2349
913,2349
949,2549
949,2549
987,2547
1014,2547
1055,2547
1092,2547
1111,2547
1133,2547
1167,2564
1191,2564
1213,2564
1236,2564
1269,2564
1300,2564
1322,2564
1341,2564
1371,2564
1371,2564
1411,2564
1433,2559
1466,2265
1466,2265
1524,2265
1553,2265
1580,2265
1610,2265
1635,2265
1652,2265
1673,2265
1698,2265
1723,2265
1755,2265
1775,2265
1803,2265
1828,2270
1849,2270
1881,2618
1903,2618
1933,2617
1958,2617
1981,2617
2005,2616
2033,2616
2060,2615
2085,2615
2107,2623
2134,2623
2158,2621
2187,2621
2208,2621
2237,2620
2262,2619
2286,2624
2311,3041
2337,3041
2362,3050
2388,3051
2412,3052
2428,3052
2464,3052
2482,3053
2516,3053
2548,3053
2575,3053
2602,3053
2602,3053
2648,3053
2670,3058
2691,3058
2716,3058
2752,3058
2766,3068
2795,3077
2825,3077
2847,3077
2877,3093
2891,3094
2932,3094
2963,3094
2982,3094
3006,3094
3032,3094
3053,3095
3077,3103
3101,3107
