151,648
177,648
204,649
227,653
255,658
284,629
305,655
331,662
358,678
387,687
411,1422
435,1481
465,1481
489,1480
515,1480
541,1479
568,1479
593,1479
615,1483
643,1487
668,1487
692,1486
715,1486
745,1486
771,1499
796,1517
825,1517
849,1524
873,1516
905,1516
927,1524
955,1537
983,1555
1007,1554
1030,1591
1057,1601
1082,1618
1108,1626
1147,1626
1169,1626
1189,1712
1200,1741
1245,1761
1258,1778
1258,1761
1260,1781
1342,1824
1368,1974
1394,1975
1421,2486
1437,2486
1466,2486
1487,2488
1526,2503
1550,2617
1570,2653
1597,2654
1629,2156
1659,2156
1679,2218
1704,2218
1720,2218
1740,2218
1768,2225
1802,2225
1827,2223
1860,2488
1886,2490
1909,2490
1930,2490
1952,2489
1975,2488
1996,2488
2024,2486
2067,2482
2090,2483
2114,2482
2140,2484
2161,2483
2183,2510
2210,2510
2228,2510
2265,2514
2292,2526
2329,2530
2329,2530
2352,2535
2384,2558
2410,2617
2449,2663
2472,2679
2496,2694
2519,2710
2542,2728
2566,2746
2591,2760
2616,2776
2643,2793
2670,2807
2696,2828
2723,2853
2749,2871
2777,2888
2806,2908
2806,2908
2838,2928
2870,2954
2902,2980
2933,3010
2933,3010
2977,3028
2977,3028
3024,3036
