148,2411
164,2411
186,2414
224,2424
242,2466
252,2468
252,2472
314,3138
334,3138
376,3140
400,3141
419,3140
436,3139
463,3139
487,3140
519,3141
554,2165
557,2165
594,2176
615,2176
653,2173
653,2171
671,2171
728,2953
731,2953
782,2954
804,2953
821,2953
858,2953
877,2954
908,2953
935,2954
954,2954
984,2962
1011,2963
1031,2972
1061,2971
1078,2969
1099,2976
1114,2976
1131,2976
1160,2981
1188,2984
1223,2984
1262,3008
1277,3009
1314,3015
1340,3016
1359,3017
1390,3017
1416,3012
1441,3012
1467,3028
1491,3172
1515,3172
1539,3173
1568,3173
1597,3175
1616,3175
1640,3174
1640,3175
1695,3183
1720,3183
1727,3186
1769,3193
1795,3194
1817,3235
1835,3235
1869,3235
1895,3235
1923,3235
1947,3235
1973,3235
1996,3235
2019,3236
2057,3236
2077,3236
2077,3236
2118,3236
2118,3236
2179,3237
2208,3237
2226,3237
2261,3237
2288,3238
2288,3238
2291,3239
2303,3239
2380,3239
2406,3239
2428,3240
2455,3240
2476,3240
2483,3239
2531,3240
2564,3240
2580,3240
2607,3240
2627,3240
2656,3240
2682,3239
2714,3239
2733,3239
2767,3239
2774,3239
2809,3240
2836,3240
2862,3245
2884,3245
2907,3245
2937,3252
2962,3253
2990,3264
3009,3264
3034,3264
3068,3278
3086,3278
3117,3278
3140,3284
3167,3353
3189,3360
3221,3356
3242,3367
3265,3368
3300,3375
3321,3399
3348,3414
3371,3455
3401,3489
3425,3490
3452,3490
3482,3512
3504,3517
3522,3552
3553,3564
3581,3678
3608,3687
3628,3704
3658,3706
3681,3708
3714,3769
3738,3776
3760,3807
3797,3826
3818,3844
3849,3967
3854,3864
3876,3967
3899,4002
3923,4004
3944,4009
3979,4015
3998,4018
