148,2411
164,2411
186,2414
224,2424
242,2466
252,2468
252,2472
314,3138
334,3138
348,3139
376,3140
419,3140
436,3139
464,3139
487,3140
519,3141
527,3142
580,3669
594,3669
628,3668
649,3668
672,3669
701,3669
701,3669
757,3670
796,3669
801,3669
805,3669
842,3668
857,3669
908,3670
933,3670
933,3670
982,3669
992,3669
1011,3669
1053,3669
1084,3670
1109,3670
1143,3669
1154,3669
1154,3669
1196,3669
1234,3670
1252,3712
1283,3712
1311,3712
1316,3712
1321,3712
1374,3712
1417,3712
1439,3712
1465,3712
1468,3712
1516,3723
1538,3723
1560,3723
1582,3723
1617,3723
1642,3723
1668,3723
1693,3723
1714,3723
1744,3723
1769,3723
1796,3723
1818,3723
1844,3723
1871,3724
1891,3724
1911,3724
1928,3724
1971,3723
1980,3723
2020,3722
2039,3722
2046,3722
2073,3719
2123,3719
2145,3681
2175,3681
2203,3681
2227,3681
2248,3681
2276,3682
2301,3682
2326,3683
2353,3682
2377,3712
2405,3712
2427,3712
2451,3712
2473,3712
2499,3712
2530,3712
2553,3713
2579,3713
2603,3713
2630,3713
2655,3714
2684,3715
2703,3715
2731,3715
2755,3715
2781,3715
2812,3715
2830,3715
2860,3716
2886,3716
2907,3716
2932,3201
2959,3202
2983,3202
3011,3214
3037,3215
3060,3224
3088,3215
3111,3218
3137,3225
3161,3423
3187,3425
3215,3424
3243,3431
3265,3434
3293,3444
3318,3444
3344,3453
3374,3464
3395,3468
3422,3636
3449,3602
3480,3614
3496,3615
3534,3618
3551,3623
3582,3644
3610,3652
3629,3659
3649,3666
3690,3764
3717,3765
3747,3764
3752,3847
3772,3857
3802,3863
3826,3865
3855,3869
3875,3899
3931,4004
3931,4004
3980,4032
3980,4032
4032,4059
4032,4059
4087,4087
