148,2411
164,2411
186,2414
224,2424
242,2466
252,2468
252,2472
314,3138
334,3138
348,3139
376,3140
419,3140
436,3139
464,3139
487,3140
519,3141
527,3142
580,3669
594,3669
628,3668
649,3668
672,3669
701,3669
701,3669
757,3670
796,3669
801,3669
805,3669
842,3668
857,3669
908,3670
933,3670
933,3670
982,3669
992,3669
1011,3669
1053,3669
1084,3670
1109,3670
1143,3669
1154,3669
1154,3669
1196,3669
1234,3670
1252,3712
1283,3712
1311,3712
1321,3712
1356,3712
1374,3712
1417,3712
1439,3712
1465,3712
1468,3712
1516,3723
1538,3723
1560,3723
1591,3723
1617,3723
1642,3723
1668,3723
1693,3723
1714,3723
1744,3723
1769,3723
1796,3723
1818,3723
1844,3723
1871,3724
1891,3724
1911,3724
1947,2618
1969,2621
1996,2621
2024,2633
2044,2633
2063,2640
2100,2642
2119,2642
2148,2642
2163,2651
2199,2662
2221,2662
2247,2662
2274,2681
2300,3471
2326,3475
2348,3462
2376,3463
2403,3463
2427,3464
2455,3464
2471,3463
2502,3463
2524,2757
2550,2772
2580,2781
2604,2803
2630,2853
2657,2853
2684,2857
2708,2858
2732,2859
2756,2868
2786,2859
2818,2952
2833,2964
2863,2962
2889,2969
2921,3006
2938,3010
2974,3020
2991,3021
3020,3454
3038,3454
3064,3456
3094,3585
3118,3584
3136,3584
3165,3635
3188,3637
3216,3638
3245,3646
3266,3649
3288,3649
3324,3653
3345,3668
3367,3668
3396,3673
3415,3675
3449,3679
3465,3679
3494,3681
3524,3687
3550,3688
3571,3692
3596,3690
3623,3693
3647,3724
3672,3732
3702,3736
3722,3738
3751,3761
3776,3835
3806,3842
3826,3851
3868,3988
3901,3993
3901,3993
3944,3995
3959,4003
3990,4006
