148,2411
164,2411
186,2414
224,2424
242,2466
252,2468
252,2472
314,3138
334,3138
376,3140
400,3141
419,3140
436,3139
463,3139
487,3140
519,3141
554,2165
557,2165
594,2176
615,2176
653,2173
653,2171
671,2171
728,2953
731,2953
782,2954
804,2953
821,2953
858,2953
877,2954
908,2953
935,2954
954,2954
984,2962
1011,2963
1031,2972
1061,2971
1078,2969
1106,2976
1114,2976
1155,2976
1160,2981
1188,2984
1223,2984
1258,3008
1277,3009
1314,3015
1338,3016
1359,3017
1390,3017
1416,3012
1441,3012
1466,3028
1493,3028
1516,3029
1541,3034
1566,3040
1596,3040
1618,3041
1644,3042
1668,2600
1693,2600
1718,2600
1745,2599
1763,2599
1797,2599
1820,2606
1847,2820
1873,2823
1901,2822
1923,2822
1934,2822
1975,2822
1999,2822
2023,2823
2051,3148
2074,3148
2096,3149
2123,3150
2153,3150
2178,3151
2199,3152
2229,3155
2252,3155
2274,3155
2302,3156
2327,3168
2358,3168
2372,3168
2405,3155
2430,3157
2459,3184
2479,3184
2508,3185
2528,3185
2558,3185
2582,3185
2607,3185
2635,3185
2656,3185
2686,3186
2713,3187
2739,3187
2762,3187
2796,3191
2820,3191
2848,3192
2872,3192
2890,3192
2916,3186
2946,3205
2965,3204
2997,3205
3031,3205
3052,3205
3081,3205
3097,3205
3128,3205
3155,3205
3184,3205
3207,3228
3234,3274
3259,3292
3290,3305
3309,3612
3339,3613
3360,3613
3383,3613
3411,3614
3430,3615
3457,3614
3484,3614
3509,3609
3540,3612
3560,3613
3589,3614
3615,3624
3641,3776
3643,3653
3666,3775
3690,3775
3714,3775
3745,3779
3771,3843
3798,3904
3816,3920
3846,3922
3870,3926
3908,3929
3921,3942
3955,3964
