137,1775
157,1778
171,1776
198,1774
234,1778
260,1773
291,1778
314,1772
323,1772
367,1775
394,1774
413,1777
445,1771
471,1777
495,1769
522,1775
547,1772
569,1771
595,1776
624,1770
642,1775
670,1770
700,1776
728,1770
749,1774
775,1772
803,1774
831,1771
855,1774
878,1772
910,1775
934,1771
960,1775
984,1771
1011,1775
1039,1773
1062,1773
1089,1774
1112,1771
1143,1775
1164,1772
1194,1772
1214,1774
1241,1771
1265,1774
1293,1773
1316,1771
1338,1774
1365,1773
1391,1772
1422,1772
1447,1774
1470,1772
1497,1772
1522,1773
1548,1774
1580,1774
1609,1774
1628,1772
1653,1772
1674,1774
1710,1773
1737,1773
1755,1795
1777,2326
1808,2326
1828,2326
1857,2326
1884,2350
1911,2350
1934,2349
1961,2359
1991,2359
2018,2359
2034,2364
2067,2365
2088,2366
2124,2366
2141,2366
2164,2366
2186,2366
2212,2366
2241,2367
2268,2369
2292,2369
2298,2371
2329,2368
2369,2474
2405,2474
2422,2474
2457,2473
2474,2512
2493,2664
2501,2510
2525,2671
2542,2672
2570,2684
2600,2694
2627,2697
2654,2716
2672,2738
2694,2751
2722,2759
2746,2764
2791,3417
2807,3418
2835,3446
2868,3447
2886,3447
2906,3449
2953,3452
2975,3463
2998,3464
3021,3465
3041,3464
3075,3476
3098,3486
3129,3495
3155,3495
3176,3495
3196,3502
3211,3501
3240,3513
3272,3514
3292,3513
3335,3515
3357,3514
3390,3515
3390,3515
3430,3516
3448,3517
3471,3513
3504,3517
3526,3547
