137,1775
157,1778
171,1776
217,1777
224,1778
270,1774
294,1777
319,1772
341,1775
364,1776
403,1777
429,1766
456,1776
479,1768
510,1146
536,1115
563,1115
589,1115
613,1116
642,1127
668,1791
684,1792
690,1792
722,1795
773,1542
802,1542
830,1543
853,1544
885,1544
901,1545
932,1558
961,1582
987,1580
1012,1579
1037,1579
1062,1576
1088,1576
1114,1576
1137,1575
1165,1575
1192,1575
1215,1575
1233,1575
1274,1892
1295,1892
1319,1893
1347,1892
1377,1894
1398,1896
1419,1899
1449,1905
1469,1905
1495,1905
1522,1905
1564,1911
1578,1911
1607,1911
1639,1911
1655,1915
1694,1919
1719,1919
1719,1919
1760,1919
1787,1919
1821,1919
1844,1910
1868,1933
1896,1938
1919,1939
1919,2143
1938,2143
1973,2144
1999,2153
2021,2160
2047,2167
2072,2182
2105,2185
2128,2197
2141,2212
2182,2277
2209,2328
2227,2332
2252,2335
2273,2339
2309,2351
2325,2357
2353,2375
2387,2397
2398,2421
2422,2663
2441,2714
2461,2715
2508,2748
2508,2748
2547,2750
2592,2752
2592,2752
2624,2756
2679,2758
2679,2758
2699,2760
2723,2769
2762,2773
