149,1038
169,1047
189,1047
225,1064
231,1064
276,1045
297,1209
304,1209
320,1216
366,1233
402,1241
428,1251
433,1251
462,1251
506,1314
514,1314
554,1618
561,1618
582,1645
613,1820
621,1822
672,1822
685,1662
735,1836
740,1663
780,1662
802,1662
833,1662
855,1725
884,1729
893,1736
934,1726
951,2102
979,2111
1003,2111
1020,2112
1064,2130
1066,2769
1110,2769
1135,2768
1153,2768
1177,2768
1190,2768
1236,2768
1267,2786
1290,2786
1310,2786
1339,2998
1363,2998
1391,2998
1413,2998
1441,2998
1461,2998
1498,2998
1515,2998
1526,2998
1561,3069
1596,3070
1620,3070
1645,3072
1664,3074
1701,3078
1715,3078
1732,3079
1773,3079
1808,3080
1822,3080
1849,3085
1873,3092
1894,3092
1918,3093
1951,3094
1972,3094
1998,3094
2017,3094
2048,3094
2071,3094
2100,3095
2103,3096
2145,3099
2175,3100
2194,3100
2228,3101
2247,3101
2277,3101
2307,2762
2327,2762
2354,3094
2381,3095
2397,3095
2429,3096
2447,3097
2480,3101
2504,3110
2526,3111
2552,3113
2578,3116
2606,3055
2630,3056
2666,3057
2682,3059
2704,3060
2733,3069
2755,3076
2786,3084
2816,3184
2831,3184
2858,3213
2877,3213
2906,3223
2932,3224
2966,3212
2988,3218
3017,3237
3035,3240
3060,3243
3098,3232
3126,3230
3126,3230
3164,3236
3194,3252
3224,3264
3260,3264
3272,3497
3294,3506
3330,3531
3352,3487
3375,3555
3405,3566
3429,3577
3445,3581
3480,3592
3507,3592
3531,3594
3550,3592
3585,3600
3601,3607
3612,3632
3670,3735
3686,3735
3723,3736
