250,448
276,449
302,449
327,450
348,444
378,470
402,622
429,625
453,631
479,724
505,1076
532,920
556,1026
582,1026
608,1029
633,1586
657,1586
684,1585
708,1585
735,1584
760,1584
787,1583
812,1583
839,1583
861,1582
887,1582
913,1581
939,1581
967,1635
989,1639
1018,1639
1039,1640
1067,1640
1092,1661
1118,2018
1145,2019
1169,2019
1193,2019
1219,2020
1245,2794
1270,2795
1297,2795
1324,2796
1346,2796
1376,2798
1400,2798
1420,2799
1450,2800
1474,2800
1501,2801
1528,2801
1553,2802
1573,2803
1604,2847
1633,2849
1654,2849
1678,2850
1706,2853
1732,2855
1759,2862
1780,2868
1810,2868
1835,2876
1860,2877
1884,2918
1907,2918
1929,2919
1961,2920
1988,2927
2010,2927
2035,2944
2060,2944
2088,2946
2108,2949
2142,2951
2164,2953
2183,2954
2213,2954
2241,2954
2272,2961
2288,2966
2304,2966
2345,2970
2364,2973
2403,2974
2403,2974
2457,2974
2457,2974
2523,2974
2523,2974
2559,2974
2575,2985
2605,2985
2631,2986
2657,2987
2678,2988
2713,2989
2736,2989
2766,2982
2780,2982
2821,2981
2836,2980
2868,2980
2889,2980
2917,2983
2942,3074
2966,3074
2988,3068
3016,3077
3044,3084
3076,3084
