144,1749
160,1750
174,1751
216,1748
248,1626
268,1639
291,1639
322,1639
350,1640
376,1640
400,1639
428,1682
450,1682
481,1682
507,1682
535,1682
553,1683
569,1683
605,1686
605,1686
605,1686
674,1718
682,1718
700,1718
765,1729
788,1729
814,1787
839,1859
866,1859
894,1859
918,1874
942,1850
968,1865
993,1865
993,1865
1046,1865
1054,1889
1096,2576
1096,2576
1096,2576
1118,2576
1135,1651
1193,2578
1247,2580
1252,2580
1252,2580
1298,2582
1352,2584
1356,2584
1356,2602
1422,2602
1425,2602
1425,2602
1501,2603
1524,2603
1528,2605
1579,2590
1601,2590
1626,2591
1651,2592
1675,2592
1706,2592
1723,2592
1724,2592
1776,2626
1802,2626
1827,2626
1853,2643
1878,2643
1903,3564
1913,3564
1945,3564
1982,3564
2004,3564
2028,3564
2053,3562
2078,3562
2103,3598
2129,3599
2155,3599
2177,3632
2205,3633
2231,3634
2254,3635
2282,3643
2306,3643
2331,3643
2335,3643
2360,3644
2379,3644
2431,3649
2454,3650
2482,3650
2507,3634
2532,3635
2553,3637
2583,3637
2606,3636
2631,3636
2655,3628
2685,3630
2707,3630
2733,3630
2753,3631
2782,3632
2806,3632
2836,3638
2857,3638
2884,3638
2908,3638
2935,3638
2963,3638
2986,3638
3007,3646
3032,3646
3057,3646
3089,3646
3113,3645
3133,3645
3157,3644
3187,3615
3211,3906
3225,3907
3250,3907
3291,3907
3309,3907
3333,3908
3362,3908
3381,3909
3417,3910
3441,3910
3466,3911
3489,3906
3510,3910
3538,3921
3560,3947
3589,3947
3611,3950
3639,3950
3662,3950
3696,3951
3716,3951
3744,3951
3769,3959
3788,3959
3818,3960
3836,3963
3864,3965
3890,3961
3917,3963
3937,3964
3961,3974
