141,402
166,402
188,401
214,402
232,2964
266,2970
293,2975
318,3298
344,3302
369,3302
393,3302
416,3302
435,3304
469,3306
490,3307
520,3311
546,3312
571,3315
597,3316
622,3326
646,3326
664,3327
699,3330
722,3330
748,3333
769,3334
799,3334
823,3334
845,3355
875,3355
894,3355
917,3355
950,3355
979,3356
1003,3356
1031,3356
1049,3357
1077,3357
1102,3358
1133,3360
1152,3360
1179,3360
1205,3360
1236,3361
1254,3362
1287,3362
1307,3362
1331,3362
1358,3362
1382,3363
1413,3364
1429,3364
1457,3364
1482,3364
1509,3365
1540,3376
1561,3376
1586,3376
1606,3376
1644,3376
1660,3376
1687,3376
1710,3376
1740,3376
1764,3376
1789,3376
1815,3376
1841,3376
1851,3376
1877,3376
1921,3377
1936,3377
1958,3377
1990,3377
2019,3377
2053,3377
2070,3377
2092,3377
2122,3377
2143,3377
2170,3377
2193,3377
2223,3377
2252,3377
2274,3377
2292,3377
2317,3377
2345,3377
2365,3377
2388,3377
2416,3377
2445,3377
2482,3377
2496,3377
2523,3119
2546,3119
2574,3119
2602,3119
2624,3119
2648,3118
2678,3118
2699,3118
2723,3118
2746,3116
2774,3117
2802,3148
2823,3362
2850,3364
2878,3365
2899,3369
2927,3370
2945,3371
2978,3374
3002,3376
3036,3377
3056,3378
3083,3378
3106,3378
3133,3378
3159,3379
3191,3425
3211,3431
3241,3431
3261,3439
3288,3441
3317,3441
3340,3440
3364,3438
3393,3436
3420,3439
3462,3471
3467,3616
3496,3629
3522,3737
3547,3724
3566,3724
3595,3724
3627,3724
3654,3729
3679,3740
3704,3790
3730,3796
3751,3798
3795,3803
3808,3898
3828,3897
3852,3899
3876,3903
3906,3942
3934,3943
