141,402
160,402
188,401
218,403
237,407
269,406
294,414
320,2792
346,2794
372,2794
397,2794
424,2794
449,2794
472,2794
495,2794
525,2795
548,2794
587,2794
597,2794
620,2795
655,2795
668,2795
694,2795
731,2794
762,2794
781,2793
802,2793
833,2793
858,2792
889,2791
905,2786
934,2786
958,2785
988,2784
1012,2781
1039,2780
1065,2781
1093,2779
1117,2779
1139,2779
1167,2777
1193,2776
1211,2777
1242,2776
1271,2640
1294,2640
1319,2640
1349,2640
1369,2640
1395,2640
1429,2641
1446,2641
1471,2641
1505,2641
1521,2641
1549,2642
1570,2642
1611,2642
1630,2642
1650,2642
1684,2642
1697,2642
1736,2642
1756,2642
1788,2555
1810,2555
1837,2553
1863,2552
1882,2551
1909,2551
1936,2551
1960,2551
1983,2550
2009,2549
2039,2549
2064,2549
2081,2564
2106,2564
2143,2564
2173,2563
2197,2563
2222,2634
2246,2634
2280,2634
2295,2634
2317,2634
2352,2634
2374,2634
2400,2635
2429,2737
2456,2737
2483,2743
2505,2746
2529,2848
2564,2858
2586,2865
2614,2873
2635,2876
2669,2882
2684,2882
2717,2882
2740,2882
2759,2883
2797,2884
2819,2885
2850,2887
2866,2946
2872,2887
2880,2948
2915,2966
2930,2973
2973,2995
2995,3004
3001,3262
3029,3262
3057,3262
3078,3262
3107,3262
3126,3262
3162,3262
3191,3262
3203,3263
3237,3266
3267,3388
3296,3436
3324,3442
3353,3447
3387,3452
3413,3453
3433,3442
3443,3452
3464,3625
3487,3634
3522,3640
3537,3639
3578,3644
3603,3643
3623,3644
