141,402
166,402
188,401
214,402
232,2964
266,2968
293,2975
318,3298
343,3302
369,3302
393,3302
416,3302
435,3304
469,3306
490,3307
520,3311
546,3312
571,3315
597,3316
622,3326
646,3326
664,3327
696,3330
722,3330
748,3334
769,3334
799,3334
823,3334
849,3355
875,3355
894,3355
917,3355
950,3355
979,3356
1003,3356
1031,3356
1049,3357
1077,3357
1102,3360
1133,3360
1152,3360
1179,3360
1205,3360
1236,3361
1254,3362
1275,3362
1307,3362
1331,3362
1358,3362
1374,3362
1413,3364
1429,3364
1457,3364
1482,3364
1509,3365
1533,2454
1559,2454
1581,2454
1605,2454
1634,2457
1656,2459
1687,2473
1713,2472
1734,2473
1766,2506
1784,2506
1810,2505
1835,2513
1861,2776
1886,2776
1913,2777
1933,2825
1963,2814
1985,2814
2011,2825
2055,2826
2061,3194
2093,3195
2118,3197
2137,3198
2165,3198
2196,3203
2214,3203
2245,3204
2266,3207
2282,3208
2314,3208
2342,3220
2367,3221
2396,3222
2419,3223
2442,3243
2475,3243
2495,3243
2521,3244
2544,3244
2573,3244
2590,3245
2622,3251
2639,3253
2672,3253
2691,3253
2714,3254
2745,3255
2775,3256
2793,3257
2821,3258
2846,3258
2863,3263
2891,3266
2934,3267
2947,3267
2975,3267
3002,3267
3034,3267
3050,3270
3068,3270
3095,3270
3131,3270
3145,3270
3175,3270
3202,3271
3230,3418
3256,3427
3280,3432
3303,3433
3327,3437
3355,3439
3378,3437
3409,3435
3433,3442
3464,3625
3487,3634
3522,3640
3537,3639
3578,3644
3603,3643
3623,3644
