151,1558
170,1559
203,2616
227,2617
252,2617
275,2617
295,2618
327,2618
352,2618
375,2619
404,2620
424,2620
441,2621
482,2621
499,2622
530,2622
552,2622
582,2622
606,2622
633,2622
657,2622
679,2623
707,2623
733,2623
758,2622
784,2622
810,2622
835,2623
859,2622
887,2622
905,2622
934,2622
961,2622
986,2621
1014,2622
1033,2622
1060,2621
1082,2622
1112,2622
1137,2621
1167,2622
1184,2622
1208,2622
1242,2622
1265,2622
1289,2622
1314,2622
1343,2629
1359,2629
1392,2629
1418,2628
1439,2628
1465,2629
1496,2628
1521,2629
1541,2628
1573,2628
1589,2628
1618,2628
1648,2628
1675,2628
1699,2628
1721,2628
1747,2628
1771,2628
1795,2628
1818,2627
1844,2627
1879,2627
1894,2627
1920,2627
1948,2627
1973,2627
1999,2627
2024,2627
2054,2627
2074,2627
2105,2627
2123,2627
2153,2627
2172,2627
2199,2627
2227,2627
2252,2628
2268,2628
2301,2629
2328,2629
2352,2633
2368,2633
2402,2633
2432,2827
2460,2827
2477,2827
2506,2825
2529,2825
2560,2825
2581,2818
2605,2818
2630,2818
2656,2822
2682,2822
2707,2822
2731,2825
2731,2837
2783,2921
2802,2921
2839,2922
2864,2922
2890,2943
2915,2945
2946,2966
2983,3082
3005,3086
3036,3090
3064,3094
3064,3303
3093,3303
3119,3303
3157,3303
3172,3303
3196,3303
3232,3309
3256,3311
3281,3377
3307,3379
3336,3433
3361,3434
3386,3469
3414,3473
3438,3481
3457,3483
3485,3494
